18.998323
10.713231
5.549720
3.784919
2.572223
2.254309
1.703805
1.554149
1.480213
1.429967
1.390990
1.335009
1.269181
1.200589
1.137437
1.064735
0.974414
0.873066
0.785361
0.700959
0.610079
0.514595
0.421624
0.340819
0.266044
0.205201
0.183997
0.174258
0.167030
0.166974
0.166932
0.166881
0.166833
0.166777
0.166728
0.166671
0.165993
0.165938
0.165888
0.165846
0.165791
0.165130
0.165086
0.165043
0.164997
0.164946
0.164357
0.163064
0.161938
0.161347
0.160747
0.160063
0.158393
0.156180
0.152820
0.148466
0.141443
0.125349
0.106496
0.090333
0.073648
0.063901
0.060461
0.059692
0.058934
0.058797
0.057857
0.057368
0.056538
0.055216
0.052481
0.049996
0.047093
0.044463
0.043322
0.042928
0.042703
0.042491
0.042347
0.042287
0.042226
0.042164
0.042099
0.042041
0.041987
0.041936
0.041878
0.041828
0.041783
0.041737
0.041689
0.041645
0.041597
0.041550
0.041496
0.041447
0.041390
0.041340
0.041281
0.041237
0.041187
0.041131
0.041080
0.041035
0.040986
0.040940
0.040885
0.040843
0.040801
0.040747
0.040700
0.040650
0.040594
0.040538
0.040488
0.040434
0.040389
0.040343
0.040300
0.040266
0.040228
0.040181
0.040143
0.040093
0.040054
0.040012
0.039968
0.039916
0.039864
0.039812
0.039766
0.039721
0.039678
0.039635
0.039580
0.039541
0.039497
0.039445
0.039401
0.039353
0.039317
0.039267
0.039215
0.039158
0.039105
0.039067
0.039022
0.038972
0.038922
0.038889
0.038844
0.038800
0.038754
0.038712
0.038681
0.038631
0.038585
0.038541
0.038503
0.038459
0.038410
0.038361
0.038308
0.038248
0.038200
0.038151
0.038105
0.038049
0.037994
0.037950
0.037899
0.037848
0.037807
0.037761
0.037722
0.037676
0.037620
0.037582
0.037536
0.037494
0.037446
0.037397
0.037348
0.037305
0.037259
0.037211
0.037167
0.037125
0.037087
0.037052
0.037010
0.036973
0.036930
0.036882
0.036829
0.036775
0.036719
0.036664
0.036612
0.036558
0.036512
0.036469
0.036438
0.036385
0.036337
0.036289
0.036236
0.036194
0.036147
0.036106
0.036051
0.036016
0.035978
0.035936
0.035887
0.035850
0.035813
0.035767
0.035714
0.035667
0.035626
0.035575
0.035524
0.035476
0.035425
0.035377
0.035336
0.035289
0.035237
0.035184
0.035129
0.035079
0.035031
0.034985
0.034935
0.034889
0.034837
0.034787
0.034741
0.034686
0.034631
0.034592
0.034551
0.034513
0.034463
0.034416
0.034364
0.034317
0.034268
0.034222
0.034170
0.034125
0.034073
0.034019
0.033963
0.033920
0.033866
0.033817
0.033769
0.033724
0.033680
0.033644
0.033606
0.033564
0.033522
0.033483
0.033444
0.033401
0.033356
0.033314
0.033263
0.033217
0.033171
0.033125
0.033065
0.033012
0.032955
0.032907
0.032845
0.032790
0.032743
0.032701
0.032652
0.032604
0.032560
0.032514
0.032467
0.032419
0.032374
0.032327
0.032284
0.032231
0.032180
0.032139
0.032094
0.032055
0.032008
0.031974
0.031935
0.031892
0.031837
0.031789
0.031743
0.031697
0.031650
0.031601
0.031556
0.031508
0.031456
0.031408
0.031363
0.031319
0.031279
0.031234
0.031188
0.031142
0.031096
0.031038
0.030994
0.030947
0.030904
0.030859
0.030820
0.030777
0.030732
0.030695
0.030658
0.030618
0.030572
0.030518
0.030471
0.030423
0.030382
0.030341
0.030298
0.030260
0.030212
0.030169
0.030126
0.030084
0.030036
0.029985
0.029942
0.029895
0.029851
0.029802
0.029754
0.029707
0.029659
0.029611
0.029568
0.029527
0.029480
0.029434
0.029383
0.029334
0.029279
0.029242
0.029199
0.029153
0.029106
0.029069
0.029019
0.028976
0.028923
0.028876
0.028832
0.028791
0.028743
0.028702
0.028658
0.028619
0.028557
0.028507
0.028460
0.028410
0.028363
0.028320
0.028275
0.028230
0.028184
0.028139
0.028100
0.028050
0.028013
0.027971
0.027929
0.027877
0.027831
0.027790
0.027733
0.027690
0.027635
0.027581
0.027523
0.027471
0.027411
0.027374
0.027327
0.027283
0.027231
0.027180
0.027142
0.027087
0.027043
0.026995
0.026945
0.026901
0.026862
0.026821
0.026768
0.026719
0.026680
0.026640
0.026601
0.026559
0.026516
0.026474
0.026429
0.026382
0.026332
0.026288
0.026245
0.026203
0.026161
0.026112
0.026062
0.026013
0.025975
0.025926
0.025875
0.025817
0.025765
0.025716
0.025668
0.025619
0.025579
0.025541
0.025500
0.025455
0.025408
0.025363
0.025321
0.025277
0.025238
0.025193
0.025155
0.025104
0.025061
0.025010
0.024964
0.024911
0.024860
0.024807
0.024760
0.024712
0.024661
0.024613
0.024564
0.024507
0.024460
0.024415
0.024371
0.024322
0.024270
0.024223
0.024171
0.024125
0.024078
0.024030
0.023977
0.023932
0.023887
0.023843
0.023792
0.023740
0.023692
0.023653
0.023606
0.023556
0.023508
0.023464
0.023417
0.023362
0.023323
0.023281
0.023258
0.023216
0.023177
0.023139
0.023099
0.023057
0.023016
0.022970
0.022929
0.022880
0.022835
0.022784
0.022743
0.022698
0.022648
0.022600
0.022553
0.022506
0.022465
0.022425
0.022378
0.022345
0.022299
0.022266
0.022224
0.022174
0.022131
0.022091
0.022042
0.021986
0.021938
0.021898
0.021862
0.021824
0.021786
0.021736
0.021692
0.021654
0.021615
0.021571
0.021533
0.021491
0.021442
0.021392
0.021349
0.021305
0.021264
0.021218
0.021168
0.021129
0.021081
0.021041
0.021001
0.020963
0.020918
0.020884
0.020838
0.020799
0.020755
0.020709
0.020662
0.020614
0.020561
0.020508
0.020463
0.020420
0.020367
0.020319
0.020268
0.020228
0.020186
0.020150
0.020113
0.020072
0.020029
0.019984
0.019939
0.019893
0.019852
0.019798
0.019756
0.019715
0.019670
0.019620
0.019568
0.019517
0.019474
0.019418
0.019373
0.019320
0.019262
0.019214
0.019155
0.019109
0.019063
0.019017
0.018972
0.018933
0.018891
0.018846
0.018804
0.018763
0.018718
0.018675
0.018632
0.018585
0.018540
0.018493
0.018456
0.018416
0.018365
0.018328
0.018290
0.018245
0.018207
0.018164
0.018113
0.018066
0.018017
0.017963
0.017922
0.017878
0.017828
0.017788
0.017746
0.017708
0.017659
0.017613
0.017571
0.017514
0.017460
0.017409
0.017356
0.017304
0.017258
0.017187
0.017135
0.017095
0.017047
0.017006
0.016960
0.016918
0.016872
0.016826
0.016784
0.016747
0.016707
0.016660
0.016618
0.016573
0.016538
0.016494
0.016459
0.016421
0.016376
0.016332
0.016282
0.016230
0.016187
0.016143
0.016094
0.016043
0.015996
0.015949
0.015911
0.015869
0.015836
0.015802
0.015757
0.015707
0.015664
0.015614
0.015560
0.015498
0.015439
0.015382
0.015325
0.015276
0.015224
0.015180
0.015124
0.015086
0.015044
0.014995
0.014958
0.014911
0.014871
0.014821
0.014776
0.014730
0.014672
0.014613
0.014560
0.014510
0.014459
0.014414
0.014357
0.014310
0.014269
0.014234
0.014190
0.014140
0.014096
0.014049
0.014007
0.013962
0.013917
0.013869
0.013827
0.013784
0.013751
0.013726
0.013688
0.013645
0.013599
0.013556
0.013517
0.013475
0.013432
0.013389
0.013343
0.013308
0.013267
0.013231
0.013185
0.013135
0.013097
0.013054
0.013004
0.012965
0.012918
0.012862
0.012808
0.012766
0.012716
0.012676
0.012627
0.012575
0.012530
0.012482
0.012422
0.012378
0.012328
0.012276
0.012230
0.012191
0.012150
0.012105
0.012057
0.012012
0.011958
0.011914
0.011872
0.011834
0.011782
0.011739
0.011693
0.011651
0.011606
0.011561
0.011517
0.011470
0.011427
0.011381
0.011333
0.011287
0.011242
0.011200
0.011154
0.011105
0.011061
0.011019
0.010973
0.010928
0.010880
0.010828
0.010784
0.010734
0.010691
0.010648
0.010605
0.010556
0.010509
0.010473
0.010432
0.010384
0.010345
0.010298
0.010263
0.010216
0.010164
0.010118
0.010065
0.010013
0.009968
0.009929
0.009884
0.009841
0.009797
0.009752
0.009704
0.009665
0.009617
0.009574
0.009521
0.009477
0.009424
0.009375
0.009316
0.009264
0.009210
0.009169
0.009120
0.009077
0.009032
0.008986
0.008946
0.008898
0.008846
0.008799
0.008755
0.008708
0.008665
0.008617
0.008567
0.008523
0.008479
0.008429
0.008383
0.008341
0.008296
0.008246
0.008197
0.008152
0.008108
0.008049
0.008004
0.007960
0.007913
0.007859
0.007818
0.007776
0.007736
0.007681
0.007639
0.007595
0.007540
0.007492
0.007456
0.007411
0.007374
0.007326
0.007277
0.007231
0.007187
0.007142
0.007103
0.007062
0.007013
0.006970
0.006920
0.006869
0.006823
0.006778
0.006727
0.006680
0.006637
0.006596
0.006549
0.006503
0.006460
0.006410
0.006360
0.006312
0.006258
0.006212
0.006167
0.006122
0.006078
0.006036
0.005989
0.005945
0.005898
0.005849
0.005804
0.005758
0.005715
0.005666
0.005627
0.005587
0.005544
0.005489
0.005445
0.005403
0.005359
0.005318
0.005275
0.005233
0.005179
0.005140
0.005090
0.005053
0.005008
0.004962
0.004903
0.004853
0.004812
0.004762
0.004720
0.004684
0.004637
0.004586
0.004539
0.004502
0.004453
0.004410
0.004380
0.004344
0.004299
0.004252
0.004204
0.004158
0.004114
0.004066
0.004028
0.003987
0.003942
0.003899
0.003855
0.003813
0.003773
0.003732
0.003690
0.003651
0.003605
0.003558
0.003508
0.003463
0.003414
0.003365
0.003317
0.003263
0.003216
0.003170
0.003114
0.003059
0.003004
0.002956
0.002918
0.002865
0.002820
0.002783
0.002737
0.002698
0.002650
0.002612
0.002569
0.002523
0.002475
0.002435
0.002388
0.002349
0.002313
0.002275
0.002239
0.002205
0.002159
0.002119
0.002074
0.002041
0.001998
0.001945
0.001909
0.001860
0.001815
0.001764
0.001717
0.001672
0.001623
0.001584
0.001540
0.001489
0.001440
0.001391
0.001347
0.001299
0.001252
0.001208
0.001163
0.001118
0.001074
0.001034
0.000983
0.000933
0.000886
0.000843
0.000802
0.000758
0.000723
0.000684
0.000639
0.000593
0.000541
0.000498
0.000446
0.000403
0.000361
0.000314
0.000268
0.000229
0.000194
0.000165
0.000133
0.000111
