     1	1000000034951.071899
     2	1000000030704.773315
     3	1000000029442.268799
     4	1000000028918.040894
     5	1000000028025.249390
     6	1000000027702.729248
     7	1000000027501.736084
     8	1000000027408.698730
     9	1000000027292.382202
    10	1000000027186.257935
    11	1000000027092.919189
    12	1000000027022.878906
    13	1000000027020.633789
    14	1000000027018.405640
    15	1000000027016.216919
    16	1000000027013.611206
    17	1000000027011.394653
    18	1000000027009.014648
    19	1000000027006.884888
    20	1000000027004.903320
    21	1000000027003.169067
    22	1000000027000.599976
    23	1000000026997.894897
    24	1000000026995.407837
    25	1000000026992.656982
    26	1000000026990.136597
    27	1000000026987.845825
    28	1000000026985.689575
    29	1000000026983.885132
    30	1000000026982.370728
    31	1000000026981.103271
    32	1000000026979.808960
    33	1000000026978.552368
    34	1000000026977.357788
    35	1000000026976.112305
    36	1000000026974.764648
    37	1000000026973.095825
    38	1000000026971.467773
    39	1000000026969.867065
    40	1000000026968.223755
    41	1000000026966.758911
    42	1000000026965.084961
    43	1000000026963.612671
    44	1000000026962.192505
    45	1000000026960.941895
    46	1000000026959.647705
    47	1000000026958.485107
    48	1000000026957.256592
    49	1000000026955.974854
    50	1000000026954.823730
    51	1000000026953.998535
    52	1000000026953.262451
    53	1000000026952.385620
    54	1000000026951.443237
    55	1000000026950.305908
    56	1000000026949.139526
    57	1000000026948.046265
    58	1000000026946.705444
    59	1000000026945.226929
    60	1000000026943.792480
    61	1000000026942.406738
    62	1000000026941.163330
    63	1000000026939.898438
    64	1000000026938.710205
    65	1000000026937.530762
    66	1000000026936.232300
    67	1000000026935.019653
    68	1000000026933.998535
    69	1000000026932.680786
    70	1000000026931.393066
    71	1000000026930.154175
    72	1000000026928.772827
    73	1000000026927.606201
    74	1000000026926.457520
    75	1000000026925.570435
    76	1000000026924.504028
    77	1000000026923.379639
    78	1000000026922.338623
    79	1000000026921.349854
    80	1000000026920.392700
    81	1000000026919.489746
    82	1000000026918.641235
    83	1000000026917.527222
    84	1000000026916.400024
    85	1000000026915.119995
    86	1000000026913.963257
    87	1000000026912.673584
    88	1000000026911.519165
    89	1000000026910.122070
    90	1000000026908.973267
    91	1000000026907.729370
    92	1000000026906.553101
    93	1000000026905.275879
    94	1000000026904.148804
    95	1000000026902.936890
    96	1000000026901.867920
    97	1000000026901.048096
    98	1000000026900.212036
    99	1000000026899.347534
   100	1000000026898.392944
   101	1000000026897.389160
   102	1000000026896.268066
   103	1000000026895.116455
   104	1000000026893.920166
   105	1000000026892.837524
   106	1000000026891.766357
   107	1000000026890.711304
   108	1000000026889.638306
   109	1000000026888.757080
   110	1000000026887.857178
   111	1000000026886.717041
   112	1000000026885.502197
   113	1000000026884.392700
   114	1000000026883.199707
   115	1000000026882.274658
   116	1000000026881.189941
   117	1000000026880.156982
   118	1000000026879.018799
   119	1000000026877.877930
   120	1000000026876.816040
   121	1000000026875.737671
   122	1000000026874.688232
   123	1000000026873.701660
   124	1000000026872.592773
   125	1000000026871.616699
   126	1000000026870.789551
   127	1000000026870.030151
   128	1000000026869.248779
   129	1000000026868.377197
   130	1000000026867.409424
   131	1000000026866.510254
   132	1000000026865.537231
   133	1000000026864.461060
   134	1000000026863.340576
   135	1000000026862.229736
   136	1000000026861.120605
   137	1000000026860.141235
   138	1000000026859.235962
   139	1000000026858.238281
   140	1000000026857.369873
   141	1000000026856.497314
   142	1000000026855.578735
   143	1000000026854.630127
   144	1000000026853.897461
   145	1000000026853.120728
   146	1000000026852.240723
   147	1000000026851.364014
   148	1000000026850.419556
   149	1000000026849.443848
   150	1000000026848.662598
   151	1000000026847.961426
   152	1000000026847.339478
   153	1000000026846.670898
   154	1000000026845.976074
   155	1000000026845.167603
   156	1000000026844.336914
   157	1000000026843.339355
   158	1000000026842.394653
   159	1000000026841.607910
   160	1000000026840.784058
   161	1000000026840.008545
   162	1000000026839.054810
   163	1000000026838.096680
   164	1000000026837.033569
   165	1000000026836.031250
   166	1000000026835.075806
   167	1000000026834.166748
   168	1000000026833.214966
   169	1000000026832.373901
   170	1000000026831.433594
   171	1000000026830.596191
   172	1000000026829.604980
   173	1000000026828.573608
   174	1000000026827.565796
   175	1000000026826.619385
   176	1000000026825.760742
   177	1000000026824.891113
   178	1000000026824.084839
   179	1000000026823.319336
   180	1000000026822.558472
   181	1000000026821.772827
   182	1000000026821.146973
   183	1000000026820.415283
   184	1000000026819.739258
   185	1000000026818.947510
   186	1000000026817.941040
   187	1000000026816.998901
   188	1000000026816.041992
   189	1000000026815.180176
   190	1000000026814.432495
   191	1000000026813.564819
   192	1000000026812.697021
   193	1000000026811.834717
   194	1000000026810.991211
   195	1000000026810.120605
   196	1000000026809.383179
   197	1000000026808.578247
   198	1000000026807.801514
   199	1000000026807.005981
   200	1000000026806.167847
   201	1000000026805.351440
   202	1000000026804.606567
   203	1000000026803.818604
   204	1000000026803.019531
   205	1000000026802.278320
   206	1000000026801.450928
   207	1000000026800.701050
   208	1000000026800.009399
   209	1000000026799.275635
   210	1000000026798.627930
   211	1000000026797.988647
   212	1000000026797.352051
   213	1000000026796.589111
   214	1000000026795.662598
   215	1000000026794.955566
   216	1000000026794.102295
   217	1000000026793.277710
   218	1000000026792.413330
   219	1000000026791.604858
   220	1000000026790.758911
   221	1000000026789.969116
   222	1000000026789.240967
   223	1000000026788.606201
   224	1000000026787.843628
   225	1000000026787.062500
   226	1000000026786.259644
   227	1000000026785.333252
   228	1000000026784.478394
   229	1000000026783.591431
   230	1000000026782.757324
   231	1000000026781.873291
   232	1000000026781.123535
   233	1000000026780.412476
   234	1000000026779.593140
   235	1000000026778.744507
   236	1000000026777.943115
   237	1000000026777.082397
   238	1000000026776.323730
   239	1000000026775.560791
   240	1000000026774.828125
   241	1000000026774.096191
   242	1000000026773.372681
   243	1000000026772.580933
   244	1000000026771.856934
   245	1000000026771.195679
   246	1000000026770.486572
   247	1000000026769.805664
   248	1000000026769.068115
   249	1000000026768.273560
   250	1000000026767.445679
   251	1000000026766.640015
   252	1000000026765.928101
   253	1000000026765.179810
   254	1000000026764.430176
   255	1000000026763.842041
   256	1000000026763.254395
   257	1000000026762.583496
   258	1000000026762.011353
   259	1000000026761.381348
   260	1000000026760.669434
   261	1000000026759.952148
   262	1000000026759.136597
   263	1000000026758.308594
   264	1000000026757.584229
   265	1000000026756.836914
   266	1000000026756.272705
   267	1000000026755.584106
   268	1000000026754.959473
   269	1000000026754.295288
   270	1000000026753.616821
   271	1000000026752.978882
   272	1000000026752.376709
   273	1000000026751.831055
   274	1000000026751.184814
   275	1000000026750.579346
   276	1000000026750.000732
   277	1000000026749.467529
   278	1000000026748.880493
   279	1000000026748.145020
   280	1000000026747.420288
   281	1000000026746.683594
   282	1000000026746.076538
   283	1000000026745.370361
   284	1000000026744.654175
   285	1000000026743.897461
   286	1000000026743.193726
   287	1000000026742.509033
   288	1000000026741.962402
   289	1000000026741.497314
   290	1000000026741.105591
   291	1000000026740.644409
   292	1000000026740.267090
   293	1000000026739.842773
   294	1000000026739.457764
   295	1000000026739.073730
   296	1000000026738.563965
   297	1000000026738.203003
   298	1000000026737.656250
   299	1000000026737.015625
   300	1000000026736.245972
   301	1000000026735.364746
   302	1000000026734.417847
   303	1000000026733.529053
   304	1000000026732.755127
   305	1000000026732.134521
   306	1000000026731.576294
   307	1000000026731.156616
   308	1000000026730.742676
   309	1000000026730.294556
   310	1000000026729.851196
   311	1000000026729.465210
   312	1000000026728.997070
   313	1000000026728.378296
   314	1000000026727.735596
   315	1000000026727.096680
   316	1000000026726.504517
   317	1000000026725.836304
   318	1000000026725.272827
   319	1000000026724.812622
   320	1000000026724.450195
   321	1000000026724.010498
   322	1000000026723.578857
   323	1000000026723.098755
   324	1000000026722.490356
   325	1000000026721.968750
   326	1000000026721.456543
   327	1000000026720.950928
   328	1000000026720.440430
   329	1000000026720.016235
   330	1000000026719.489502
   331	1000000026719.003174
   332	1000000026718.464111
   333	1000000026717.899658
   334	1000000026717.366821
   335	1000000026716.872681
   336	1000000026716.415283
   337	1000000026715.920166
   338	1000000026715.373901
   339	1000000026714.762817
   340	1000000026714.157227
   341	1000000026713.554688
   342	1000000026712.983154
   343	1000000026712.388184
   344	1000000026711.975464
   345	1000000026711.517944
   346	1000000026711.094727
   347	1000000026710.664062
   348	1000000026710.289062
   349	1000000026709.831055
   350	1000000026709.453003
   351	1000000026708.927002
   352	1000000026708.383789
   353	1000000026707.782349
   354	1000000026707.336548
   355	1000000026706.834717
   356	1000000026706.347656
   357	1000000026705.781982
   358	1000000026705.254272
   359	1000000026704.692993
   360	1000000026704.217041
   361	1000000026703.853394
   362	1000000026703.513916
   363	1000000026703.160767
   364	1000000026702.781982
   365	1000000026702.427002
   366	1000000026702.038086
   367	1000000026701.472778
   368	1000000026700.896606
   369	1000000026700.404663
   370	1000000026699.934692
   371	1000000026699.427612
   372	1000000026699.008545
   373	1000000026698.614746
   374	1000000026698.246582
   375	1000000026697.921265
   376	1000000026697.503418
   377	1000000026697.005737
   378	1000000026696.557617
   379	1000000026696.143433
   380	1000000026695.637085
   381	1000000026695.092773
   382	1000000026694.554199
   383	1000000026693.949585
   384	1000000026693.428223
   385	1000000026692.900146
   386	1000000026692.391235
   387	1000000026691.969727
   388	1000000026691.505005
   389	1000000026690.987549
   390	1000000026690.497314
   391	1000000026690.037476
   392	1000000026689.653564
   393	1000000026689.372925
   394	1000000026689.073730
   395	1000000026688.664551
   396	1000000026688.187378
   397	1000000026687.779419
   398	1000000026687.238281
   399	1000000026686.779053
   400	1000000026686.281738
   401	1000000026685.813477
   402	1000000026685.320190
   403	1000000026684.949951
   404	1000000026684.593872
   405	1000000026684.170044
   406	1000000026683.747314
   407	1000000026683.237915
   408	1000000026682.688232
   409	1000000026682.157837
   410	1000000026681.613892
   411	1000000026681.080811
   412	1000000026680.615723
   413	1000000026680.185303
   414	1000000026679.793335
   415	1000000026679.336426
   416	1000000026678.951660
   417	1000000026678.529541
   418	1000000026678.105469
   419	1000000026677.757324
   420	1000000026677.282715
   421	1000000026676.818726
   422	1000000026676.393555
   423	1000000026675.971924
   424	1000000026675.503174
   425	1000000026675.036865
   426	1000000026674.585205
   427	1000000026674.224487
   428	1000000026673.770996
   429	1000000026673.297607
   430	1000000026672.814697
   431	1000000026672.405640
   432	1000000026671.986206
   433	1000000026671.493408
   434	1000000026671.025024
   435	1000000026670.558716
   436	1000000026670.094238
   437	1000000026669.608643
   438	1000000026669.189331
   439	1000000026668.809204
   440	1000000026668.418701
   441	1000000026667.997681
   442	1000000026667.584106
   443	1000000026667.151611
   444	1000000026666.768066
   445	1000000026666.359741
   446	1000000026665.959106
   447	1000000026665.485840
   448	1000000026665.110107
   449	1000000026664.786621
   450	1000000026664.468384
   451	1000000026664.148804
   452	1000000026663.875610
   453	1000000026663.555054
   454	1000000026663.248169
   455	1000000026662.925049
   456	1000000026662.583618
   457	1000000026662.234253
   458	1000000026661.849976
   459	nan
   460	nan
   461	1000000026660.754272
   462	1000000026660.241577
   463	nan
   464	1000000026659.441528
   465	1000000026659.135132
   466	1000000026658.786377
   467	1000000026658.436279
   468	1000000026658.160034
   469	1000000026657.862061
   470	1000000026657.473877
   471	1000000026657.124634
   472	1000000026656.719849
   473	1000000026656.296997
   474	1000000026655.835205
   475	1000000026655.478149
   476	1000000026655.030762
   477	nan
   478	1000000026654.102295
   479	1000000026653.740723
   480	1000000026653.372803
   481	1000000026653.198853
   482	1000000026652.910645
   483	1000000026652.722534
   484	1000000026652.474365
   485	1000000026652.183105
   486	1000000026651.926514
   487	1000000026651.669556
   488	1000000026651.295044
   489	1000000026650.932373
   490	1000000026650.568115
   491	1000000026650.170044
   492	1000000026649.814697
   493	1000000026649.450439
   494	1000000026649.125732
   495	1000000026648.797974
   496	1000000026648.471436
   497	1000000026648.126831
   498	nan
   499	1000000026647.606567
   500	1000000026647.275879
