1	23.879494
2	17.713916
3	11.772908
4	7.983955
5	5.721611
6	4.715621
7	4.080574
8	3.834147
9	3.605604
10	3.411745
11	3.271399
12	3.156813
13	3.039291
14	2.896424
15	2.749389
16	2.594576
17	2.472991
18	2.349170
19	2.256605
20	2.119205
21	1.980257
22	1.834369
23	1.719847
24	1.621790
25	1.525813
26	1.443791
27	1.387935
28	1.357566
29	1.323661
30	1.280534
31	1.219542
32	1.151969
33	1.083803
34	1.027628
35	0.992697
36	0.953456
37	0.916560
38	0.903848
39	0.897507
40	0.893925
41	0.887799
42	0.885473
43	0.883570
44	0.882154
45	0.880642
46	0.879349
47	0.877449
48	0.875912
49	0.874640
50	0.873362
51	0.871650
52	0.869837
53	0.868167
54	0.866870
55	0.864940
56	0.863776
57	0.862304
58	0.859093
59	0.857858
60	0.856569
61	0.855131
62	0.853902
63	0.852735
64	0.851002
65	0.849758
66	0.848311
67	0.846776
68	0.845178
69	0.843798
70	0.842640
71	0.840859
72	0.839339
73	0.837617
74	0.835971
75	0.834186
76	0.832662
77	0.831128
78	0.829703
79	0.827725
80	0.826522
81	0.824682
82	0.823232
83	0.821992
84	0.820811
85	0.819658
86	0.818079
87	0.816696
88	0.815685
89	0.814471
90	0.813232
91	0.811981
92	0.810661
93	0.809266
94	0.807890
95	0.806665
96	0.805154
97	0.803748
98	0.802416
99	0.800680
100	0.799043
101	0.797468
102	0.796041
103	0.794569
104	0.793348
105	0.791852
106	0.790410
107	0.788977
108	0.787741
109	0.786335
110	0.784826
111	0.783340
112	0.781603
113	0.780062
114	0.778574
115	0.777113
116	0.775684
117	0.773956
118	0.772480
119	0.770967
120	0.769255
121	0.766678
122	0.764862
123	0.763444
124	0.762052
125	0.760649
126	0.759434
127	0.757688
128	0.756230
129	0.754865
130	0.753305
131	0.751873
132	0.750380
133	0.748669
134	0.747325
135	0.745847
136	0.744264
137	0.742657
138	0.740828
139	0.739457
140	0.737638
141	0.735780
142	0.732986
143	0.730146
144	0.728612
145	0.727089
146	0.725406
147	0.723902
148	0.722222
149	0.720661
150	0.719532
151	0.717691
152	0.715953
153	0.714630
154	0.712909
155	0.711046
156	0.709414
157	0.707777
158	0.706196
159	0.704564
160	0.702130
161	0.700354
162	0.699103
163	0.696773
164	0.695088
165	0.692626
166	0.691361
167	0.689604
168	0.687846
169	0.685875
170	0.683932
171	0.681739
172	0.679762
173	0.677882
174	0.675807
175	0.674177
176	0.670706
177	0.669219
178	0.667817
179	0.665937
180	0.664084
181	0.662316
182	0.660567
183	0.659078
184	0.657882
185	0.656327
186	0.654859
187	0.652676
188	0.650589
189	0.648431
190	0.647083
191	0.646021
192	0.644377
193	0.641939
194	0.640108
195	0.637893
196	0.635992
197	0.632091
198	0.630253
199	0.628153
200	0.624674
201	0.621169
202	0.618972
203	0.614726
204	0.610994
205	0.608557
206	0.603731
207	0.598723
208	0.592046
209	0.583627
210	0.572646
211	0.560755
212	0.550338
213	0.539427
214	0.532425
215	0.528699
216	0.525978
217	0.524161
218	0.521907
219	0.520420
220	0.519126
221	0.517808
222	0.516241
223	0.514981
224	0.513580
225	0.512345
226	0.510758
227	0.509228
228	0.506984
229	0.505684
230	0.504334
231	0.503218
232	0.501245
233	0.499989
234	0.497630
235	0.496045
236	0.494302
237	0.491830
238	0.490347
239	0.488792
240	0.487261
241	0.485632
242	0.483534
243	0.481729
244	0.480278
245	0.478812
246	0.476946
247	0.474849
248	0.473568
249	0.472157
250	0.470311
251	0.469061
252	0.467659
253	0.466330
254	0.464154
255	0.461981
256	0.460449
257	0.458488
258	0.456454
259	0.454851
260	0.452470
261	0.449785
262	0.447009
263	0.444613
264	0.441585
265	0.439782
266	0.436411
267	0.432549
268	0.428908
269	0.426529
270	0.422205
271	0.417865
272	0.413053
273	0.406522
274	0.397982
275	0.387498
276	0.378647
277	0.368452
278	0.359140
279	0.354937
280	0.352334
281	0.349490
282	0.347591
283	0.345460
284	0.343039
285	0.341397
286	0.339875
287	0.338532
288	0.336941
289	0.335793
290	0.334459
291	0.332713
292	0.331216
293	0.330324
294	0.329009
295	0.327392
296	0.325982
297	0.324615
298	0.323045
299	0.321653
300	0.320336
301	0.319056
302	0.317945
303	0.316839
304	0.315815
305	0.314279
306	0.313033
307	0.311943
308	0.311125
309	0.309991
310	0.308860
311	0.307657
312	0.306509
313	0.305296
314	0.304313
315	0.303360
316	0.302140
317	0.301113
318	0.299773
319	0.298573
320	0.297412
321	0.296373
322	0.295220
323	0.294310
324	0.293290
325	0.291840
326	0.290419
327	0.288926
328	0.287548
329	0.286273
330	0.284803
331	0.283213
332	0.281725
333	0.280118
334	0.278515
335	0.276845
336	0.275270
337	0.273865
338	0.272554
339	0.270967
340	0.269255
341	0.267864
342	0.266512
343	0.265330
344	0.263704
345	0.261952
346	0.260705
347	0.259124
348	0.257991
349	0.256843
350	0.255689
351	0.254392
352	0.252953
353	0.251684
354	0.250339
355	0.249064
356	0.247809
357	0.246549
358	0.245489
359	0.244090
360	0.242953
361	0.241539
362	0.239991
363	0.238745
364	0.237780
365	0.236540
366	0.235356
367	0.233652
368	0.231884
369	0.230408
370	0.229340
371	0.227994
372	0.226778
373	0.225443
374	0.224168
375	0.223225
376	0.221670
377	0.220158
378	0.218783
379	0.217131
380	0.215713
381	0.214149
382	0.212791
383	0.211148
384	0.209926
385	0.208387
386	0.206755
387	0.205193
388	0.203938
389	0.202574
390	0.201232
391	0.200054
392	0.198669
393	0.197252
394	0.196199
395	0.195105
396	0.193901
397	0.192605
398	0.191048
399	0.189737
400	0.188496
401	0.186963
402	0.185904
403	0.184922
404	0.184070
405	0.182917
406	0.181573
407	0.180441
408	0.179220
409	0.178115
410	0.176788
411	0.175200
412	0.173664
413	0.172025
414	0.170938
415	0.169490
416	0.168339
417	0.167303
418	0.166349
419	0.165302
420	0.164053
421	0.162997
422	0.162148
423	0.160985
424	0.159904
425	0.158602
426	0.157547
427	0.156330
428	0.154831
429	0.153627
430	0.152657
431	0.151520
432	0.150333
433	0.149468
434	0.148223
435	0.146951
436	0.145787
437	0.144738
438	0.143440
439	0.142219
440	0.140704
441	0.139315
442	0.138022
443	0.136326
444	0.135183
445	0.133553
446	0.132245
447	0.130705
448	0.129118
449	0.127375
450	0.125792
451	0.124138
452	0.122973
453	0.122056
454	0.120525
455	0.119203
456	0.117802
457	0.116471
458	0.115320
459	0.114152
460	0.113005
461	0.111745
462	0.110414
463	0.109404
464	0.108300
465	0.107222
466	0.106087
467	0.104907
468	0.103569
469	0.102159
470	0.101296
471	0.100051
472	0.098735
473	0.097569
474	0.096454
475	0.095055
476	0.093787
477	0.092449
478	0.091192
479	0.090054
480	0.088812
481	0.087642
482	0.086279
483	0.085390
484	0.083838
485	0.083020
486	0.081990
487	0.080599
488	0.079553
489	0.078470
490	0.076679
491	0.075290
492	0.073764
493	0.072350
494	0.070906
495	0.069547
496	0.068343
497	0.067033
498	0.065796
499	0.064457
500	0.063198
501	0.062329
502	0.061369
503	0.060231
504	0.058949
505	0.057994
506	0.056975
507	0.055463
508	0.054574
509	0.053153
510	0.051852
511	0.050774
512	0.049329
513	0.048036
514	0.046823
515	0.045727
516	0.044270
517	0.042875
518	0.041466
519	0.040562
520	0.039385
521	0.038325
522	0.037334
523	0.036309
524	0.034665
525	0.033360
526	0.032073
527	0.030710
528	0.029467
529	0.027864
530	0.026421
531	0.025122
532	0.023845
533	0.022807
534	0.021511
535	0.020367
536	0.019077
537	0.017689
538	0.016247
539	0.015011
540	0.013620
541	0.012557
542	0.011311
543	0.009870
544	0.008865
545	0.007905
546	0.007104
547	0.006560
548	0.005592
549	0.004962
550	0.004560
551	0.003993
552	0.003816
553	0.003480
554	0.003475
555	0.003300
556	0.003003
557	0.002862
558	0.002916
559	0.002777
560	0.002844
561	0.002815
562	0.002683
563	0.002645
564	0.002451
565	0.002367
566	0.002584
567	0.002456
568	0.002313
569	0.002288
570	0.002255
571	0.002241
572	0.002196
573	0.002136
574	0.002178
575	0.002077
576	0.001961
577	0.001826
578	0.001726
579	0.001761
580	0.001941
581	0.001845
582	0.001891
583	0.002056
584	0.001850
585	0.001796
586	0.001874
587	0.001841
588	0.001735
589	0.001679
590	0.001703
591	0.001838
592	0.001734
593	0.001743
594	0.001888
595	0.001610
596	0.001698
597	0.001746
598	0.001545
599	0.001607
600	0.001583
601	0.001576
602	0.001715
603	0.001685
604	0.001674
605	0.001653
606	0.001451
607	0.001715
608	0.001475
609	0.001292
610	0.001385
611	0.001344
612	0.001401
613	0.001473
614	0.001425
615	0.001538
616	0.001716
617	0.001538
618	0.001457
619	0.001483
620	0.001491
621	0.001537
622	0.001504
623	0.001643
624	0.001486
625	0.001292
626	0.001322
627	0.001451
628	0.001513
629	0.001387
630	0.001428
631	0.001586
632	0.001532
633	0.001490
634	0.001351
635	0.001431
636	0.001545
637	0.001419
638	0.001365
639	0.001447
640	0.001526
641	0.001515
642	0.001408
643	0.001456
644	0.001476
645	0.001582
646	0.001492
647	0.001434
648	0.001545
649	0.001456
650	0.001406
651	0.001411
652	0.001419
653	0.001423
654	0.001536
655	0.001700
656	0.001472
657	0.001433
658	0.001297
659	0.001359
660	0.001307
661	0.001387
662	0.001310
663	0.001486
664	0.001359
665	0.001283
666	0.001413
667	0.001469
668	0.001519
669	0.001498
670	0.001453
671	0.001373
672	0.001538
673	0.001384
674	0.001372
675	0.001404
676	0.001271
677	0.001332
678	0.001474
679	0.001475
680	0.001168
681	0.001427
682	0.001441
683	0.001292
684	0.001195
685	0.001196
686	0.001245
687	0.001340
688	0.001278
689	0.001224
690	0.001259
691	0.001178
692	0.001188
693	0.001353
694	0.001355
695	0.001326
696	0.001301
697	0.001157
698	0.001237
699	0.001203
700	0.001226
701	0.001332
702	0.001346
703	0.001438
704	0.001445
705	0.001318
706	0.001356
707	0.001348
708	0.001207
709	0.001408
710	0.001289
711	0.001248
712	0.001317
713	0.001322
714	0.001202
715	0.001245
716	0.001192
717	0.001273
718	0.001268
719	0.001365
720	0.001223
721	0.001303
722	0.001394
723	0.001357
724	0.001205
725	0.001251
726	0.001019
727	0.001308
728	0.001267
729	0.001089
730	0.001295
731	0.001293
732	0.001183
733	0.001024
734	0.001070
735	0.001187
736	0.001428
737	0.001512
738	0.001248
739	0.001086
740	0.000987
741	0.001194
742	0.001320
743	0.001351
744	0.001281
745	0.001350
746	0.001252
747	0.001163
748	0.001204
749	0.001205
750	0.001158
751	0.001264
752	0.001360
753	0.001404
754	0.001180
755	0.001257
756	0.001118
757	0.001236
758	0.001261
759	0.001262
760	0.001370
761	0.001427
762	0.001363
763	0.001448
764	0.001252
765	0.001369
766	0.001287
767	0.001162
768	0.001285
769	0.001167
770	0.001193
771	0.001291
772	0.001217
773	0.001310
774	0.001310
775	0.001368
776	0.001230
777	0.001198
778	0.001359
779	0.001216
780	0.001357
781	0.001453
782	0.001328
783	0.001292
784	0.001274
785	0.001118
786	0.001265
787	0.001367
788	0.001370
789	0.001364
790	0.001205
791	0.001265
792	0.001138
793	0.001154
794	0.001270
795	0.001190
796	0.001244
797	0.001255
798	0.001291
799	0.001189
800	0.001282
801	0.001334
802	0.001285
803	0.001282
804	0.001023
805	0.001094
806	0.001107
807	0.001162
808	0.001262
809	0.001172
810	0.001282
811	0.001274
812	0.001121
813	0.001135
814	0.001144
815	0.001263
816	0.001018
817	0.001049
818	0.001067
819	0.001262
820	0.001221
821	0.001332
822	0.001256
823	0.001307
824	0.001379
825	0.001113
826	0.001279
827	0.001260
828	0.001130
829	0.001040
830	0.001097
831	0.001204
832	0.001202
833	0.001160
834	0.001254
835	0.001267
836	0.001206
837	0.001360
838	0.001327
839	0.001205
840	0.001273
841	0.001195
842	0.001108
843	0.001012
844	0.001191
845	0.001074
846	0.001002
847	0.001162
848	0.001132
849	0.001159
850	0.001354
851	0.001303
852	0.001199
853	0.001183
854	0.001266
855	0.001328
856	0.001242
857	0.001100
858	0.001240
859	0.001272
860	0.001258
861	0.001353
862	0.001376
863	0.001108
864	0.001071
865	0.001217
866	0.001229
867	0.001216
868	0.001231
869	0.001338
870	0.001156
871	0.001280
872	0.001162
873	0.001223
874	0.001396
875	0.001215
876	0.001331
877	0.001180
878	0.001158
879	0.001104
880	0.001359
881	0.001188
882	0.001034
883	0.001017
884	0.001280
885	0.001180
886	0.001325
887	0.001346
888	0.001310
889	0.001105
890	0.001163
891	0.001404
892	0.001253
893	0.001324
894	0.001066
895	0.001157
896	0.001194
897	0.001255
898	0.001175
899	0.001320
900	0.001361
901	0.001231
902	0.001332
903	0.001415
904	0.001138
905	0.001161
906	0.001196
907	0.001255
908	0.001084
909	0.001070
910	0.001107
911	0.001324
912	0.001171
913	0.001254
914	0.001301
915	0.001215
916	0.001114
917	0.001112
918	0.001151
919	0.001193
920	0.001049
921	0.001197
922	0.001159
923	0.001160
924	0.000999
925	0.001043
926	0.001025
927	0.001158
928	0.001216
929	0.001313
930	0.001343
931	0.001372
932	0.001275
933	0.001285
934	0.001093
935	0.001261
936	0.001378
937	0.001322
938	0.001296
939	0.001368
940	0.001407
941	0.001381
942	0.001123
943	0.001260
944	0.001112
945	0.001150
946	0.001291
947	0.001179
948	0.001162
949	0.001111
950	0.001304
951	0.001233
952	0.001292
953	0.001186
954	0.001104
955	0.001104
956	0.001146
957	0.001310
958	0.001262
959	0.001294
960	0.001329
961	0.001168
962	0.001113
963	0.001103
964	0.001167
965	0.001153
966	0.001242
967	0.001266
968	0.001252
969	0.001277
970	0.001172
971	0.001226
972	0.001302
973	0.001106
974	0.001082
975	0.001082
976	0.001078
977	0.001107
978	0.001083
979	0.001071
980	0.001047
981	0.001033
982	0.001182
983	0.001015
984	0.001259
985	0.001294
986	0.001302
987	0.001195
988	0.001316
989	0.001366
990	0.001168
991	0.001044
992	0.001137
993	0.001105
994	0.001127
995	0.001240
996	0.001303
997	0.001419
998	0.001267
999	0.001031
1000	0.001313

