1	19.507482
2	10.650501
3	6.584206
4	4.704225
5	3.779110
6	3.351668
7	3.056206
8	2.721809
9	2.406229
10	2.077318
11	1.815473
12	1.666096
13	1.540928
14	1.429996
15	1.347083
16	1.232466
17	1.157485
18	1.095353
19	1.044907
20	0.980058
21	0.934586
22	0.913644
23	0.908006
24	0.904199
25	0.901565
26	0.899246
27	0.896279
28	0.891426
29	0.883836
30	0.878006
31	0.876155
32	0.875454
33	0.874956
34	0.874719
35	0.874471
36	0.874199
37	0.873936
38	0.873639
39	0.873383
40	0.871436
41	0.871167
42	0.870931
43	0.870689
44	0.870433
45	0.870206
46	0.869961
47	0.869765
48	0.869576
49	0.869376
50	0.869201
51	0.868950
52	0.868749
53	0.868544
54	0.866627
55	0.866371
56	0.866153
57	0.865954
58	0.865699
59	0.865501
60	0.865221
61	0.864994
62	0.864718
63	0.864450
64	0.864206
65	0.863902
66	0.863675
67	0.863435
68	0.863258
69	0.863065
70	0.862841
71	0.860950
72	0.860750
73	0.860495
74	0.860307
75	0.860095
76	0.859864
77	0.859647
78	0.859426
79	0.857541
80	0.855648
81	0.853794
82	0.850937
83	0.849048
84	0.848849
85	0.848638
86	0.848434
87	0.846577
88	0.840434
89	0.840213
90	0.838342
91	0.836414
92	0.834505
93	0.830986
94	0.819309
95	0.810865
96	0.802462
97	0.787599
98	0.766284
99	0.716451
100	0.630575
101	0.576963
102	0.549800
103	0.544611
104	0.537834
105	0.535888
106	0.534640
107	0.533431
108	0.533199
109	0.532878
110	0.532620
111	0.532391
112	0.532118
113	0.531813
114	0.528622
115	0.527398
116	0.525130
117	0.522974
118	0.521754
119	0.518617
120	0.517333
121	0.516088
122	0.513845
123	0.508766
124	0.500850
125	0.486339
126	0.467203
127	0.425500
128	0.378280
129	0.355334
130	0.347426
131	0.347053
132	0.346747
133	0.344610
134	0.344340
135	0.344038
136	0.343850
137	0.343609
138	0.343360
139	0.343115
140	0.342858
141	0.342579
142	0.342262
143	0.342014
144	0.341774
145	0.341556
146	0.341255
147	0.341047
148	0.340788
149	0.340483
150	0.340215
151	0.339994
152	0.339807
153	0.339572
154	0.339385
155	0.339159
156	0.338954
157	0.338739
158	0.338513
159	0.338337
160	0.338126
161	0.337912
162	0.337700
163	0.337415
164	0.337145
165	0.336903
166	0.336645
167	0.336384
168	0.336096
169	0.335851
170	0.335588
171	0.335364
172	0.335103
173	0.334859
174	0.334628
175	0.334406
176	0.334131
177	0.333934
178	0.333673
179	0.333466
180	0.333240
181	0.332974
182	0.332786
183	0.332580
184	0.332293
185	0.332085
186	0.331832
187	0.331569
188	0.331314
189	0.331027
190	0.330715
191	0.330453
192	0.330209
193	0.329952
194	0.329739
195	0.329500
196	0.329273
197	0.329017
198	0.328774
199	0.328530
200	0.328289
201	0.328053
202	0.327861
203	0.327635
204	0.327402
205	0.327165
206	0.326886
207	0.326650
208	0.326427
209	0.326210
210	0.326023
211	0.325818
212	0.325615
213	0.325415
214	0.325169
215	0.324978
216	0.324778
217	0.324608
218	0.324406
219	0.324175
220	0.323901
221	0.323660
222	0.323432
223	0.323209
224	0.322956
225	0.322670
226	0.322397
227	0.322147
228	0.321882
229	0.321676
230	0.321482
231	0.321257
232	0.321043
233	0.320839
234	0.320601
235	0.320364
236	0.320162
237	0.319922
238	0.319696
239	0.319456
240	0.319230
241	0.319013
242	0.318793
243	0.318624
244	0.318361
245	0.318128
246	0.317782
247	0.317525
248	0.317283
249	0.317007
250	0.316758
251	0.316553
252	0.316268
253	0.316060
254	0.315815
255	0.315537
256	0.315210
257	0.314961
258	0.314679
259	0.314429
260	0.314222
261	0.314004
262	0.313727
263	0.313484
264	0.313247
265	0.312989
266	0.312777
267	0.312564
268	0.312351
269	0.312125
270	0.311905
271	0.311682
272	0.311451
273	0.311253
274	0.310974
275	0.310740
276	0.310521
277	0.310301
278	0.310058
279	0.309839
280	0.309589
281	0.309368
282	0.309104
283	0.308837
284	0.308568
285	0.308278
286	0.307981
287	0.307741
288	0.307391
289	0.307090
290	0.306833
291	0.306610
292	0.306401
293	0.306149
294	0.305905
295	0.305645
296	0.305359
297	0.305077
298	0.304839
299	0.304598
300	0.304297
301	0.304080
302	0.303808
303	0.303524
304	0.303269
305	0.302987
306	0.302723
307	0.302532
308	0.302242
309	0.302025
310	0.301785
311	0.301598
312	0.301365
313	0.301126
314	0.300929
315	0.300676
316	0.300438
317	0.300185
318	0.299968
319	0.299685
320	0.299422
321	0.299153
322	0.298980
323	0.298737
324	0.298509
325	0.298301
326	0.298090
327	0.297827
328	0.297539
329	0.297280
330	0.297069
331	0.296837
332	0.296613
333	0.296376
334	0.296141
335	0.295934
336	0.295695
337	0.295422
338	0.295209
339	0.294955
340	0.294726
341	0.294457
342	0.294213
343	0.293969
344	0.293757
345	0.293497
346	0.293260
347	0.293019
348	0.292752
349	0.292549
350	0.292338
351	0.292122
352	0.291879
353	0.291662
354	0.291360
355	0.291151
356	0.290913
357	0.290691
358	0.290486
359	0.290231
360	0.289981
361	0.289688
362	0.289423
363	0.289150
364	0.288869
365	0.288583
366	0.288371
367	0.288079
368	0.287878
369	0.287659
370	0.287412
371	0.287129
372	0.286893
373	0.286657
374	0.286411
375	0.286136
376	0.285857
377	0.285573
378	0.285292
379	0.285080
380	0.284861
381	0.284636
382	0.284401
383	0.284202
384	0.283947
385	0.283699
386	0.283489
387	0.283297
388	0.283025
389	0.282774
390	0.282496
391	0.282221
392	0.281959
393	0.281719
394	0.281455
395	0.281215
396	0.280981
397	0.280740
398	0.280471
399	0.280266
400	0.280042
401	0.279834
402	0.279675
403	0.279459
404	0.279261
405	0.279038
406	0.278798
407	0.278588
408	0.278270
409	0.278062
410	0.277756
411	0.277536
412	0.277294
413	0.277003
414	0.276779
415	0.276557
416	0.276314
417	0.276062
418	0.275867
419	0.275642
420	0.275434
421	0.275171
422	0.274982
423	0.274750
424	0.274494
425	0.274302
426	0.274085
427	0.273880
428	0.273672
429	0.273409
430	0.273232
431	0.272931
432	0.272660
433	0.272400
434	0.272113
435	0.271834
436	0.271540
437	0.271312
438	0.271098
439	0.270872
440	0.270649
441	0.270387
442	0.270200
443	0.270002
444	0.269776
445	0.269516
446	0.269317
447	0.269045
448	0.268794
449	0.268594
450	0.268321
451	0.268086
452	0.267841
453	0.267625
454	0.267423
455	0.267229
456	0.266977
457	0.266787
458	0.266560
459	0.266268
460	0.266060
461	0.265775
462	0.265613
463	0.265344
464	0.265151
465	0.264901
466	0.264674
467	0.264385
468	0.264175
469	0.263944
470	0.263689
471	0.263442
472	0.263182
473	0.262928
474	0.262689
475	0.262436
476	0.262174
477	0.261910
478	0.261653
479	0.261418
480	0.261190
481	0.260890
482	0.260656
483	0.260413
484	0.260160
485	0.259915
486	0.259687
487	0.259439
488	0.259166
489	0.258937
490	0.258778
491	0.258542
492	0.258295
493	0.258045
494	0.257794
495	0.257562
496	0.257361
497	0.257039
498	0.256802
499	0.256522
500	0.256281
501	0.256077
502	0.255889
503	0.255645
504	0.255404
505	0.255097
506	0.254874
507	0.254652
508	0.254451
509	0.254261
510	0.254060
511	0.253850
512	0.253626
513	0.253429
514	0.253227
515	0.253047
516	0.252765
517	0.252503
518	0.252247
519	0.252011
520	0.251736
521	0.251472
522	0.251255
523	0.251072
524	0.250826
525	0.250571
526	0.250295
527	0.250073
528	0.249861
529	0.249645
530	0.249378
531	0.249177
532	0.248932
533	0.248688
534	0.248401
535	0.248105
536	0.247860
537	0.247541
538	0.247261
539	0.246991
540	0.246779
541	0.246566
542	0.246358
543	0.246105
544	0.245867
545	0.245669
546	0.245455
547	0.245244
548	0.245033
549	0.244861
550	0.244649
551	0.244420
552	0.244187
553	0.243971
554	0.243730
555	0.243482
556	0.243252
557	0.242994
558	0.242768
559	0.242526
560	0.242319
561	0.242109
562	0.241909
563	0.241688
564	0.241421
565	0.241166
566	0.240898
567	0.240639
568	0.240339
569	0.240112
570	0.239883
571	0.239634
572	0.239420
573	0.239204
574	0.238972
575	0.238769
576	0.238557
577	0.238344
578	0.238082
579	0.237855
580	0.237634
581	0.237393
582	0.237174
583	0.236885
584	0.236690
585	0.236441
586	0.236167
587	0.235896
588	0.235614
589	0.235375
590	0.235125
591	0.234915
592	0.234679
593	0.234334
594	0.234098
595	0.233844
596	0.233628
597	0.233391
598	0.233100
599	0.232841
600	0.232591
601	0.232372
602	0.232153
603	0.231908
604	0.231700
605	0.231453
606	0.231233
607	0.231027
608	0.230808
609	0.230532
610	0.230327
611	0.230153
612	0.229897
613	0.229603
614	0.229313
615	0.229054
616	0.228808
617	0.228535
618	0.228275
619	0.228053
620	0.227842
621	0.227584
622	0.227388
623	0.227131
624	0.226900
625	0.226707
626	0.226387
627	0.226126
628	0.225868
629	0.225619
630	0.225340
631	0.225102
632	0.224907
633	0.224697
634	0.224433
635	0.224205
636	0.223999
637	0.223799
638	0.223585
639	0.223393
640	0.223169
641	0.222949
642	0.222714
643	0.222454
644	0.222234
645	0.221956
646	0.221672
647	0.221440
648	0.221256
649	0.220979
650	0.220700
651	0.220465
652	0.220194
653	0.219945
654	0.219757
655	0.219500
656	0.219267
657	0.219008
658	0.218768
659	0.218573
660	0.218344
661	0.218134
662	0.217916
663	0.217640
664	0.217387
665	0.217127
666	0.216867
667	0.216610
668	0.216362
669	0.216109
670	0.215925
671	0.215627
672	0.215421
673	0.215217
674	0.214951
675	0.214729
676	0.214501
677	0.214291
678	0.214054
679	0.213864
680	0.213625
681	0.213395
682	0.213149
683	0.212944
684	0.212656
685	0.212432
686	0.212186
687	0.211978
688	0.211751
689	0.211511
690	0.211272
691	0.211043
692	0.210835
693	0.210629
694	0.210401
695	0.210167
696	0.209950
697	0.209753
698	0.209490
699	0.209291
700	0.209086
701	0.208901
702	0.208684
703	0.208464
704	0.208191
705	0.207977
706	0.207765
707	0.207539
708	0.207295
709	0.207046
710	0.206769
711	0.206498
712	0.206263
713	0.205979
714	0.205757
715	0.205548
716	0.205305
717	0.205088
718	0.204821
719	0.204567
720	0.204285
721	0.204004
722	0.203814
723	0.203560
724	0.203306
725	0.203094
726	0.202887
727	0.202661
728	0.202402
729	0.202200
730	0.201929
731	0.201692
732	0.201479
733	0.201277
734	0.201032
735	0.200751
736	0.200511
737	0.200276
738	0.200050
739	0.199784
740	0.199561
741	0.199300
742	0.199023
743	0.198760
744	0.198510
745	0.198226
746	0.197949
747	0.197739
748	0.197573
749	0.197359
750	0.197130
751	0.196907
752	0.196623
753	0.196384
754	0.196101
755	0.195840
756	0.195597
757	0.195379
758	0.195132
759	0.194915
760	0.194682
761	0.194409
762	0.194119
763	0.193866
764	0.193675
765	0.193477
766	0.193231
767	0.193004
768	0.192798
769	0.192580
770	0.192375
771	0.192145
772	0.191937
773	0.191722
774	0.191442
775	0.191192
776	0.190998
777	0.190704
778	0.190524
779	0.190273
780	0.190006
781	0.189750
782	0.189513
783	0.189335
784	0.189076
785	0.188869
786	0.188607
787	0.188323
788	0.188072
789	0.187795
790	0.187533
791	0.187274
792	0.187063
793	0.186865
794	0.186611
795	0.186410
796	0.186138
797	0.185905
798	0.185672
799	0.185441
800	0.185167
801	0.184934
802	0.184710
803	0.184510
804	0.184271
805	0.184035
806	0.183826
807	0.183607
808	0.183312
809	0.183010
810	0.182814
811	0.182542
812	0.182265
813	0.182088
814	0.181911
815	0.181632
816	0.181445
817	0.181278
818	0.181072
819	0.180846
820	0.180630
821	0.180371
822	0.180151
823	0.179887
824	0.179662
825	0.179488
826	0.179285
827	0.179085
828	0.178907
829	0.178681
830	0.178408
831	0.178129
832	0.177855
833	0.177629
834	0.177365
835	0.177130
836	0.176923
837	0.176664
838	0.176434
839	0.176202
840	0.176004
841	0.175812
842	0.175614
843	0.175322
844	0.175099
845	0.174810
846	0.174570
847	0.174302
848	0.174122
849	0.173864
850	0.173603
851	0.173325
852	0.173079
853	0.172817
854	0.172586
855	0.172407
856	0.172183
857	0.171932
858	0.171707
859	0.171492
860	0.171269
861	0.171035
862	0.170754
863	0.170525
864	0.170304
865	0.170067
866	0.169855
867	0.169580
868	0.169352
869	0.169147
870	0.168900
871	0.168632
872	0.168410
873	0.168165
874	0.167886
875	0.167655
876	0.167438
877	0.167200
878	0.167043
879	0.166871
880	0.166647
881	0.166431
882	0.166227
883	0.165998
884	0.165823
885	0.165598
886	0.165335
887	0.165094
888	0.164910
889	0.164639
890	0.164348
891	0.164052
892	0.163825
893	0.163560
894	0.163325
895	0.163103
896	0.162909
897	0.162676
898	0.162411
899	0.162209
900	0.161980
901	0.161742
902	0.161531
903	0.161315
904	0.161063
905	0.160848
906	0.160562
907	0.160309
908	0.160019
909	0.159782
910	0.159542
911	0.159301
912	0.159115
913	0.158867
914	0.158592
915	0.158342
916	0.158096
917	0.157854
918	0.157583
919	0.157352
920	0.157045
921	0.156792
922	0.156539
923	0.156300
924	0.156088
925	0.155867
926	0.155673
927	0.155454
928	0.155256
929	0.155031
930	0.154830
931	0.154588
932	0.154357
933	0.154162
934	0.153933
935	0.153650
936	0.153422
937	0.153240
938	0.152962
939	0.152759
940	0.152543
941	0.152325
942	0.152031
943	0.151790
944	0.151491
945	0.151201
946	0.150995
947	0.150710
948	0.150500
949	0.150287
950	0.150013
951	0.149767
952	0.149500
953	0.149298
954	0.148983
955	0.148721
956	0.148468
957	0.148255
958	0.148037
959	0.147839
960	0.147579
961	0.147328
962	0.147080
963	0.146802
964	0.146526
965	0.146300
966	0.145967
967	0.145643
968	0.145330
969	0.145059
970	0.144840
971	0.144633
972	0.144363
973	0.144149
974	0.143862
975	0.143653
976	0.143401
977	0.143125
978	0.142857
979	0.142631
980	0.142438
981	0.142133
982	0.141890
983	0.141657
984	0.141391
985	0.141175
986	0.140968
987	0.140754
988	0.140417
989	0.140199
990	0.139963
991	0.139781
992	0.139533
993	0.139283
994	0.139005
995	0.138722
996	0.138496
997	0.138210
998	0.137919
999	0.137653
1000	0.137394

