1	23.879696
2	17.714144
3	11.773046
4	7.983926
5	5.721533
6	4.715589
7	4.080448
8	3.833977
9	3.605660
10	3.412378
11	3.272319
12	3.157892
13	3.040988
14	2.898851
15	2.752591
16	2.598750
17	2.477786
18	2.353403
19	2.260115
20	2.121635
21	1.980109
22	1.832468
23	1.716636
24	1.617748
25	1.522275
26	1.440324
27	1.385104
28	1.357923
29	1.326707
30	1.285267
31	1.224540
32	1.156437
33	1.086512
34	1.029231
35	0.994556
36	0.956204
37	0.919513
38	0.908477
39	0.902684
40	0.898819
41	0.891322
42	0.887132
43	0.883298
44	0.880174
45	0.878927
46	0.878154
47	0.877743
48	0.877516
49	0.877356
50	0.877194
51	0.877033
52	0.876856
53	0.876721
54	0.876568
55	0.876432
56	0.876278
57	0.876172
58	0.874347
59	0.874236
60	0.874104
61	0.873961
62	0.873865
63	0.873759
64	0.873634
65	0.873516
66	0.873414
67	0.873287
68	0.873164
69	0.873012
70	0.872880
71	0.872752
72	0.872609
73	0.872504
74	0.872373
75	0.872227
76	0.872080
77	0.871918
78	0.871788
79	0.871659
80	0.871531
81	0.871409
82	0.871237
83	0.871112
84	0.870929
85	0.870781
86	0.870645
87	0.870527
88	0.870378
89	0.870223
90	0.870102
91	0.869973
92	0.869863
93	0.869738
94	0.869653
95	0.869551
96	0.869450
97	0.869363
98	0.869259
99	0.869155
100	0.869063
101	0.868939
102	0.868805
103	0.868677
104	0.868565
105	0.868449
106	0.868352
107	0.868232
108	0.868067
109	0.867922
110	0.867796
111	0.867661
112	0.867541
113	0.867421
114	0.867309
115	0.867201
116	0.867052
117	0.866942
118	0.866850
119	0.866698
120	0.866562
121	0.864770
122	0.864631
123	0.864464
124	0.864322
125	0.864210
126	0.864057
127	0.863938
128	0.863791
129	0.863662
130	0.863499
131	0.863389
132	0.863252
133	0.863125
134	0.863005
135	0.862893
136	0.862792
137	0.862675
138	0.862627
139	0.862499
140	0.862371
141	0.862253
142	0.860487
143	0.858737
144	0.858609
145	0.858489
146	0.858342
147	0.858226
148	0.858124
149	0.857975
150	0.857841
151	0.857674
152	0.857544
153	0.857427
154	0.857277
155	0.857141
156	0.856979
157	0.856859
158	0.856697
159	0.856541
160	0.854755
161	0.854623
162	0.854526
163	0.852766
164	0.852635
165	0.850860
166	0.850735
167	0.850622
168	0.850532
169	0.850428
170	0.850331
171	0.850201
172	0.850113
173	0.850000
174	0.849882
175	0.849770
176	0.847039
177	0.846934
178	0.846824
179	0.846728
180	0.846612
181	0.846462
182	0.846332
183	0.846218
184	0.846082
185	0.845946
186	0.845811
187	0.844030
188	0.842251
189	0.840477
190	0.840339
191	0.840179
192	0.840020
193	0.838242
194	0.838110
195	0.836355
196	0.836231
197	0.831863
198	0.831705
199	0.831573
200	0.826582
201	0.821592
202	0.819825
203	0.813168
204	0.806602
205	0.803216
206	0.793385
207	0.782012
208	0.764211
209	0.739982
210	0.701402
211	0.658050
212	0.617950
213	0.578462
214	0.552759
215	0.543005
216	0.538045
217	0.537863
218	0.536075
219	0.535927
220	0.535798
221	0.535666
222	0.535510
223	0.535384
224	0.535244
225	0.535121
226	0.534963
227	0.534810
228	0.533698
229	0.533568
230	0.533434
231	0.533322
232	0.533126
233	0.533001
234	0.531877
235	0.531719
236	0.531546
237	0.530411
238	0.530263
239	0.530108
240	0.529956
241	0.529794
242	0.528696
243	0.528517
244	0.528372
245	0.528227
246	0.528041
247	0.526944
248	0.526817
249	0.526676
250	0.525604
251	0.525480
252	0.525341
253	0.525209
254	0.524104
255	0.522999
256	0.522847
257	0.522652
258	0.522450
259	0.522291
260	0.521166
261	0.519122
262	0.516179
263	0.514164
264	0.512086
265	0.511907
266	0.509795
267	0.505856
268	0.501939
269	0.499926
270	0.494163
271	0.488399
272	0.480811
273	0.469496
274	0.450869
275	0.425827
276	0.404502
277	0.379488
278	0.356338
279	0.349697
280	0.348548
281	0.346487
282	0.346297
283	0.346084
284	0.344953
285	0.344789
286	0.344636
287	0.344502
288	0.344343
289	0.344228
290	0.344094
291	0.343920
292	0.343770
293	0.343680
294	0.343549
295	0.343387
296	0.343246
297	0.343109
298	0.342951
299	0.342812
300	0.342680
301	0.342552
302	0.342440
303	0.342330
304	0.342227
305	0.342073
306	0.341948
307	0.341839
308	0.341757
309	0.341643
310	0.341529
311	0.341409
312	0.341294
313	0.341172
314	0.341073
315	0.340978
316	0.340855
317	0.340752
318	0.340618
319	0.340497
320	0.340381
321	0.340276
322	0.340160
323	0.340069
324	0.339967
325	0.339821
326	0.339678
327	0.339528
328	0.339390
329	0.339262
330	0.339114
331	0.338954
332	0.338804
333	0.338643
334	0.338482
335	0.338314
336	0.338155
337	0.338014
338	0.337882
339	0.337722
340	0.337550
341	0.337410
342	0.337274
343	0.337155
344	0.336991
345	0.336815
346	0.336689
347	0.336530
348	0.336416
349	0.336300
350	0.336184
351	0.336053
352	0.335908
353	0.335780
354	0.335645
355	0.335516
356	0.335390
357	0.335262
358	0.335155
359	0.335014
360	0.334900
361	0.334757
362	0.334601
363	0.334475
364	0.334378
365	0.334253
366	0.334133
367	0.333961
368	0.333783
369	0.333634
370	0.333526
371	0.333390
372	0.333267
373	0.333132
374	0.333003
375	0.332908
376	0.332751
377	0.332598
378	0.332459
379	0.332292
380	0.332149
381	0.331990
382	0.331853
383	0.331687
384	0.331563
385	0.331408
386	0.331242
387	0.331084
388	0.330957
389	0.330819
390	0.330683
391	0.330564
392	0.330424
393	0.330280
394	0.330174
395	0.330063
396	0.329941
397	0.329810
398	0.329652
399	0.329519
400	0.329393
401	0.329238
402	0.329131
403	0.329031
404	0.328945
405	0.328828
406	0.328691
407	0.328577
408	0.328453
409	0.328341
410	0.328206
411	0.328045
412	0.327889
413	0.327723
414	0.327612
415	0.327465
416	0.327348
417	0.327243
418	0.327146
419	0.327040
420	0.326913
421	0.326806
422	0.326720
423	0.326602
424	0.326492
425	0.326359
426	0.326252
427	0.326128
428	0.325976
429	0.325854
430	0.325755
431	0.325639
432	0.325519
433	0.325431
434	0.325304
435	0.325175
436	0.325056
437	0.324950
438	0.324818
439	0.324693
440	0.324539
441	0.324398
442	0.324266
443	0.324093
444	0.323977
445	0.323811
446	0.323678
447	0.323521
448	0.323359
449	0.323182
450	0.323020
451	0.322852
452	0.322733
453	0.322640
454	0.322483
455	0.322349
456	0.322206
457	0.322070
458	0.321953
459	0.321833
460	0.321716
461	0.321588
462	0.321452
463	0.321349
464	0.321236
465	0.321126
466	0.321010
467	0.320890
468	0.320753
469	0.320609
470	0.320521
471	0.320393
472	0.320259
473	0.320139
474	0.320024
475	0.319890
476	0.319764
477	0.319634
478	0.319512
479	0.319397
480	0.319275
481	0.319156
482	0.319020
483	0.318916
484	0.318760
485	0.318684
486	0.318569
487	0.318422
488	0.318282
489	0.318180
490	0.318002
491	0.317843
492	0.317686
493	0.317544
494	0.317396
495	0.317259
496	0.317111
497	0.316970
498	0.316836
499	0.316716
500	0.316583
501	0.316493
502	0.316385
503	0.316257
504	0.316095
505	0.315994
506	0.315887
507	0.315716
508	0.315607
509	0.315443
510	0.315300
511	0.315180
512	0.314999
513	0.314862
514	0.314732
515	0.314619
516	0.314457
517	0.314310
518	0.314179
519	0.314093
520	0.313975
521	0.313874
522	0.313761
523	0.313656
524	0.313491
525	0.313340
526	0.313227
527	0.313067
528	0.312932
529	0.312765
530	0.312613
531	0.312480
532	0.312359
533	0.312267
534	0.312139
535	0.312038
536	0.311907
537	0.311769
538	0.311634
539	0.311511
540	0.311369
541	0.311237
542	0.311100
543	0.310952
544	0.310832
545	0.310690
546	0.310574
547	0.310458
548	0.310315
549	0.310184
550	0.310043
551	0.309912
552	0.309770
553	0.309603
554	0.309496
555	0.309342
556	0.309201
557	0.309071
558	0.308982
559	0.308827
560	0.308705
561	0.308532
562	0.308424
563	0.308280
564	0.308134
565	0.308002
566	0.307835
567	0.307674
568	0.307507
569	0.307339
570	0.307173
571	0.307031
572	0.306872
573	0.306721
574	0.306575
575	0.306439
576	0.306269
577	0.306126
578	0.305960
579	0.305853
580	0.305714
581	0.305593
582	0.305504
583	0.305410
584	0.305291
585	0.305179
586	0.305052
587	0.304932
588	0.304807
589	0.304676
590	0.304544
591	0.304407
592	0.304243
593	0.304063
594	0.303920
595	0.303775
596	0.303630
597	0.303515
598	0.303335
599	0.303159
600	0.303023
601	0.302899
602	0.302765
603	0.302647
604	0.302486
605	0.302355
606	0.302222
607	0.302115
608	0.301941
609	0.301800
610	0.301648
611	0.301518
612	0.301360
613	0.301243
614	0.301132
615	0.300995
616	0.300874
617	0.300737
618	0.300651
619	0.300544
620	0.300436
621	0.300334
622	0.300224
623	0.300108
624	0.299955
625	0.299810
626	0.299680
627	0.299579
628	0.299434
629	0.299315
630	0.299187
631	0.299081
632	0.298951
633	0.298812
634	0.298674
635	0.298565
636	0.298458
637	0.298314
638	0.298147
639	0.298027
640	0.297901
641	0.297771
642	0.297609
643	0.297454
644	0.297350
645	0.297221
646	0.297060
647	0.296902
648	0.296799
649	0.296692
650	0.296576
651	0.296479
652	0.296371
653	0.296228
654	0.296093
655	0.295919
656	0.295714
657	0.295568
658	0.295403
659	0.295273
660	0.295125
661	0.294969
662	0.294841
663	0.294713
664	0.294578
665	0.294455
666	0.294316
667	0.294203
668	0.294078
669	0.293916
670	0.293780
671	0.293633
672	0.293497
673	0.293301
674	0.293155
675	0.293000
676	0.292866
677	0.292732
678	0.292556
679	0.292415
680	0.292277
681	0.292136
682	0.291993
683	0.291843
684	0.291728
685	0.291575
686	0.291437
687	0.291307
688	0.291170
689	0.291046
690	0.290941
691	0.290814
692	0.290705
693	0.290523
694	0.290404
695	0.290267
696	0.290151
697	0.290025
698	0.289924
699	0.289807
700	0.289722
701	0.289602
702	0.289482
703	0.289356
704	0.289227
705	0.289103
706	0.288953
707	0.288811
708	0.288632
709	0.288513
710	0.288369
711	0.288222
712	0.288089
713	0.287964
714	0.287834
715	0.287711
716	0.287597
717	0.287439
718	0.287297
719	0.287149
720	0.287006
721	0.286851
722	0.286724
723	0.286589
724	0.286449
725	0.286289
726	0.286136
727	0.286000
728	0.285845
729	0.285683
730	0.285544
731	0.285415
732	0.285311
733	0.285187
734	0.285045
735	0.284943
736	0.284832
737	0.284730
738	0.284595
739	0.284481
740	0.284326
741	0.284191
742	0.284027
743	0.283873
744	0.283747
745	0.283659
746	0.283549
747	0.283374
748	0.283251
749	0.283123
750	0.282939
751	0.282795
752	0.282640
753	0.282483
754	0.282310
755	0.282139
756	0.282000
757	0.281897
758	0.281804
759	0.281682
760	0.281543
761	0.281406
762	0.281267
763	0.281127
764	0.280972
765	0.280871
766	0.280730
767	0.280621
768	0.280480
769	0.280364
770	0.280228
771	0.280111
772	0.279976
773	0.279865
774	0.279777
775	0.279649
776	0.279511
777	0.279402
778	0.279234
779	0.279067
780	0.278929
781	0.278785
782	0.278603
783	0.278448
784	0.278303
785	0.278170
786	0.278064
787	0.277891
788	0.277738
789	0.277584
790	0.277429
791	0.277318
792	0.277190
793	0.277017
794	0.276887
795	0.276716
796	0.276554
797	0.276416
798	0.276302
799	0.276173
800	0.276064
801	0.275913
802	0.275801
803	0.275701
804	0.275603
805	0.275465
806	0.275328
807	0.275236
808	0.275105
809	0.275015
810	0.274896
811	0.274781
812	0.274632
813	0.274542
814	0.274415
815	0.274266
816	0.274126
817	0.274007
818	0.273915
819	0.273757
820	0.273593
821	0.273477
822	0.273329
823	0.273124
824	0.272999
825	0.272832
826	0.272688
827	0.272578
828	0.272432
829	0.272273
830	0.272140
831	0.271987
832	0.271820
833	0.271682
834	0.271549
835	0.271447
836	0.271317
837	0.271203
838	0.271093
839	0.270951
840	0.270831
841	0.270705
842	0.270549
843	0.270435
844	0.270331
845	0.270215
846	0.270091
847	0.269972
848	0.269852
849	0.269757
850	0.269640
851	0.269495
852	0.269380
853	0.269241
854	0.269133
855	0.269034
856	0.268932
857	0.268781
858	0.268615
859	0.268507
860	0.268409
861	0.268243
862	0.268071
863	0.267917
864	0.267788
865	0.267629
866	0.267471
867	0.267324
868	0.267144
869	0.266979
870	0.266792
871	0.266608
872	0.266457
873	0.266300
874	0.266151
875	0.266047
876	0.265914
877	0.265789
878	0.265698
879	0.265588
880	0.265472
881	0.265326
882	0.265191
883	0.265067
884	0.264944
885	0.264822
886	0.264702
887	0.264562
888	0.264401
889	0.264255
890	0.264122
891	0.264044
892	0.263897
893	0.263772
894	0.263635
895	0.263470
896	0.263343
897	0.263204
898	0.263108
899	0.262970
900	0.262845
901	0.262689
902	0.262556
903	0.262421
904	0.262293
905	0.262202
906	0.262083
907	0.261962
908	0.261862
909	0.261747
910	0.261627
911	0.261498
912	0.261353
913	0.261240
914	0.261118
915	0.260967
916	0.260855
917	0.260700
918	0.260521
919	0.260431
920	0.260294
921	0.260159
922	0.260024
923	0.259914
924	0.259801
925	0.259664
926	0.259499
927	0.259384
928	0.259267
929	0.259155
930	0.259011
931	0.258863
932	0.258720
933	0.258576
934	0.258427
935	0.258272
936	0.258161
937	0.258002
938	0.257878
939	0.257712
940	0.257571
941	0.257429
942	0.257281
943	0.257175
944	0.257038
945	0.256892
946	0.256764
947	0.256646
948	0.256526
949	0.256389
950	0.256254
951	0.256105
952	0.255964
953	0.255817
954	0.255686
955	0.255530
956	0.255401
957	0.255302
958	0.255188
959	0.255074
960	0.254963
961	0.254831
962	0.254677
963	0.254516
964	0.254380
965	0.254255
966	0.254139
967	0.253999
968	0.253868
969	0.253776
970	0.253617
971	0.253505
972	0.253372
973	0.253250
974	0.253106
975	0.252993
976	0.252855
977	0.252723
978	0.252581
979	0.252489
980	0.252390
981	0.252250
982	0.252131
983	0.252004
984	0.251861
985	0.251732
986	0.251556
987	0.251387
988	0.251225
989	0.251083
990	0.250946
991	0.250801
992	0.250679
993	0.250510
994	0.250353
995	0.250212
996	0.250058
997	0.249935
998	0.249785
999	0.249644
1000	0.249521

