1	28.202632
2	24.662706
3	22.191819
4	20.867170
5	18.726850
6	17.296221
7	15.487569
8	13.896614
9	12.570579
10	11.600972
11	10.368378
12	9.316091
13	8.485819
14	7.562729
15	6.758988
16	6.158219
17	5.643671
18	5.361401
19	4.964815
20	4.724451
21	4.486203
22	4.346019
23	4.231575
24	4.168422
25	4.137150
26	4.106387
27	4.074859
28	4.007901
29	3.978073
30	3.924857
31	3.879798
32	3.840594
33	3.794653
34	3.750187
35	3.712305
36	3.675295
37	3.623825
38	3.574438
39	3.516332
40	3.491512
41	3.460778
42	3.426373
43	3.383925
44	3.343801
45	3.308132
46	3.277359
47	3.243144
48	3.205216
49	3.157364
50	3.123203
51	3.084249
52	3.044238
53	3.009588
54	2.978803
55	2.938326
56	2.893284
57	2.859275
58	2.813739
59	2.773027
60	2.749269
61	2.712094
62	2.682528
63	2.645622
64	2.608679
65	2.566923
66	2.536965
67	2.505141
68	2.462963
69	2.441450
70	2.416278
71	2.384081
72	2.367741
73	2.352988
74	2.333500
75	2.313685
76	2.289326
77	2.264779
78	2.239729
79	2.207425
80	2.189252
81	2.162670
82	2.124864
83	2.096181
84	2.070378
85	2.042971
86	2.007428
87	1.979582
88	1.951083
89	1.938570
90	1.914739
91	1.898281
92	1.880971
93	1.858247
94	1.839406
95	1.818298
96	1.795587
97	1.776024
98	1.754059
99	1.730987
100	1.710365
101	1.683991
102	1.659298
103	1.639285
104	1.620954
105	1.605328
106	1.591455
107	1.575129
108	1.558107
109	1.546185
110	1.529373
111	1.511047
112	1.500459
113	1.491760
114	1.486532
115	1.475034
116	1.465274
117	1.457756
118	1.450092
119	1.445697
120	1.437279
121	1.429419
122	1.419659
123	1.412008
124	1.402832
125	1.393779
126	1.381926
127	1.370321
128	1.360583
129	1.353759
130	1.345637
131	1.334063
132	1.322323
133	1.307664
134	1.295933
135	1.287477
136	1.272284
137	1.261931
138	1.251565
139	1.241206
140	1.230848
141	1.220491
142	1.210144
143	1.194954
144	1.182869
145	1.170788
146	1.155644
147	1.147025
148	1.138540
149	1.132577
150	1.131398
151	1.128304
152	1.125957
153	1.124793
154	1.123635
155	1.123181
156	1.121562
157	1.121486
158	1.117492
159	1.117453
160	1.117394
161	1.115976
162	1.114734
163	1.114693
164	1.114664
165	1.114610
166	1.113348
167	1.113304
168	1.111884
169	1.110653
170	1.109400
171	1.109334
172	1.108097
173	1.108065
174	1.104258
175	1.103007
176	1.101777
177	1.099163
178	1.099117
179	1.097891
180	1.096661
181	1.096595
182	1.094147
183	1.090367
184	1.088962
185	1.083817
186	1.078860
187	1.076411
188	1.072817
189	1.068010
190	1.063059
191	1.055921
192	1.047261
193	1.040125
194	1.031498
195	1.025397
196	1.015688
197	1.007338
198	0.999008
199	0.991562
200	0.985294
201	0.976811
202	0.969513
203	0.960848
204	0.950850
205	0.942342
206	0.932836
207	0.925223
208	0.916290
209	0.907660
210	0.901241
211	0.900790
212	0.900256
213	0.899553
214	0.898992
215	0.898299
216	0.897142
217	0.896316
218	0.895176
219	0.894228
220	0.893115
221	0.892008
222	0.890725
223	0.889928
224	0.888974
225	0.887873
226	0.886924
227	0.885971
228	0.884875
229	0.884091
230	0.882835
231	0.881898
232	0.880982
233	0.879731
234	0.878682
235	0.877932
236	0.877708
237	0.877451
238	0.877364
239	0.877292
240	0.877213
241	0.877159
242	0.877106
243	0.877031
244	0.876953
245	0.876904
246	0.876837
247	0.876813
248	0.876785
249	0.876756
250	0.876710
251	0.876659
252	0.876628
253	0.876597
254	0.876558
255	0.876506
256	0.876458
257	0.876389
258	0.876352
259	0.876299
260	0.876263
261	0.876215
262	0.876194
263	0.876166
264	0.876137
265	0.876079
266	0.876045
267	0.876002
268	0.875961
269	0.875927
270	0.875882
271	0.875851
272	0.875824
273	0.875778
274	0.875730
275	0.875688
276	0.875657
277	0.875627
278	0.875592
279	0.875546
280	0.875511
281	0.875471
282	0.875411
283	0.875383
284	0.875349
285	0.875297
286	0.875258
287	0.875210
288	0.875175
289	0.875141
290	0.875098
291	0.875070
292	0.875039
293	0.874997
294	0.874972
295	0.874928
296	0.874905
297	0.874869
298	0.874830
299	0.874796
300	0.874753
301	0.874696
302	0.874649
303	0.874630
304	0.874586
305	0.874550
306	0.874512
307	0.874488
308	0.874459
309	0.874412
310	0.874388
311	0.874362
312	0.874337
313	0.874325
314	0.874276
315	0.874239
316	0.874202
317	0.874168
318	0.874126
319	0.874092
320	0.874067
321	0.874041
322	0.874017
323	0.873981
324	0.873955
325	0.873923
326	0.873893
327	0.873842
328	0.873801
329	0.873768
330	0.873734
331	0.873700
332	0.873668
333	0.873631
334	0.873578
335	0.873524
336	0.873475
337	0.873438
338	0.873394
339	0.873335
340	0.873297
341	0.873256
342	0.873231
343	0.873178
344	0.873150
345	0.873095
346	0.873071
347	0.873040
348	0.873010
349	0.872964
350	0.872932
351	0.872896
352	0.872857
353	0.872817
354	0.872762
355	0.872718
356	0.872676
357	0.872631
358	0.872600
359	0.872544
360	0.872502
361	0.872465
362	0.872422
363	0.872387
364	0.872366
365	0.872323
366	0.872283
367	0.872256
368	0.872228
369	0.872188
370	0.872156
371	0.872124
372	0.872082
373	0.872044
374	0.872024
375	0.871995
376	0.871967
377	0.871934
378	0.871900
379	0.871881
380	0.871854
381	0.871830
382	0.871795
383	0.871768
384	0.871737
385	0.871701
386	0.871661
387	0.871628
388	0.871614
389	0.871578
390	0.871558
391	0.871530
392	0.871501
393	0.871469
394	0.871449
395	0.871419
396	0.871386
397	0.871372
398	0.871347
399	0.871308
400	0.871270
401	0.871252
402	0.871209
403	0.871184
404	0.871146
405	0.871115
406	0.871087
407	0.871058
408	0.871019
409	0.870982
410	0.870945
411	0.870902
412	0.870879
413	0.870839
414	0.870807
415	0.870771
416	0.870731
417	0.870694
418	0.870683
419	0.870640
420	0.870603
421	0.870581
422	0.870564
423	0.870539
424	0.870508
425	0.870450
426	0.870431
427	0.870402
428	0.870362
429	0.870335
430	0.870301
431	0.870260
432	0.870218
433	0.870179
434	0.870141
435	0.870105
436	0.870063
437	0.870040
438	0.869994
439	0.869968
440	0.869927
441	0.869891
442	0.869854
443	0.869823
444	0.869791
445	0.869770
446	0.869743
447	0.869707
448	0.869676
449	0.869646
450	0.869606
451	0.869572
452	0.869532
453	0.869500
454	0.869460
455	0.869425
456	0.869393
457	0.869343
458	0.869307
459	0.869281
460	0.869256
461	0.869209
462	0.869168
463	0.869148
464	0.869104
465	0.869079
466	0.869041
467	0.868989
468	0.868947
469	0.868903
470	0.868872
471	0.868839
472	0.868795
473	0.868768
474	0.868711
475	0.868681
476	0.868627
477	0.868587
478	0.868552
479	0.868519
480	0.868473
481	0.868434
482	0.868404
483	0.868366
484	0.868315
485	0.868283
486	0.868253
487	0.868217
488	0.868152
489	0.868121
490	0.868095
491	0.868065
492	0.868028
493	0.867979
494	0.867949
495	0.867905
496	0.867863
497	0.867838
498	0.867801
499	0.867772
500	0.867728
501	0.867683
502	0.867650
503	0.867602
504	0.867540
505	0.867516
506	0.867475
507	0.867443
508	0.867393
509	0.867352
510	0.867310
511	0.867270
512	0.867225
513	0.867185
514	0.867157
515	0.867132
516	0.867097
517	0.867061
518	0.867037
519	0.867007
520	0.866970
521	0.866941
522	0.866913
523	0.866870
524	0.866837
525	0.866798
526	0.866781
527	0.866759
528	0.866709
529	0.866687
530	0.866640
531	0.866607
532	0.866573
533	0.866545
534	0.866523
535	0.866483
536	0.866441
537	0.866417
538	0.866365
539	0.866328
540	0.866292
541	0.866273
542	0.866241
543	0.866206
544	0.866174
545	0.866136
546	0.866099
547	0.866070
548	0.866030
549	0.866012
550	0.865992
551	0.865962
552	0.865949
553	0.865901
554	0.865872
555	0.865850
556	0.865816
557	0.865773
558	0.865751
559	0.865711
560	0.865679
561	0.865659
562	0.865616
563	0.865576
564	0.865542
565	0.865511
566	0.865483
567	0.865455
568	0.863779
569	0.863741
570	0.863695
571	0.863669
572	0.863627
573	0.863600
574	0.863555
575	0.863517
576	0.863492
577	0.863447
578	0.863401
579	0.863375
580	0.863330
581	0.863285
582	0.863233
583	0.863209
584	0.863165
585	0.863126
586	0.863085
587	0.863045
588	0.863021
589	0.863001
590	0.862973
591	0.862940
592	0.862914
593	0.862853
594	0.862826
595	0.862786
596	0.862760
597	0.862713
598	0.862675
599	0.862642
600	0.862590
601	0.862564
602	0.862523
603	0.862477
604	0.862437
605	0.862387
606	0.862356
607	0.862312
608	0.862279
609	0.862246
610	0.862217
611	0.862191
612	0.862152
613	0.862111
614	0.862060
615	0.862008
616	0.861981
617	0.861936
618	0.861914
619	0.861878
620	0.861850
621	0.861807
622	0.861769
623	0.861715
624	0.861688
625	0.861645
626	0.861628
627	0.861593
628	0.861564
629	0.861518
630	0.861472
631	0.861437
632	0.861403
633	0.861359
634	0.861326
635	0.861291
636	0.861247
637	0.861212
638	0.861154
639	0.861105
640	0.859429
641	0.859392
642	0.859356
643	0.859321
644	0.859288
645	0.859264
646	0.859240
647	0.859219
648	0.859190
649	0.856515
650	0.856468
651	0.856432
652	0.854774
653	0.854754
654	0.854714
655	0.854668
656	0.854633
657	0.854607
658	0.854582
659	0.852909
660	0.852877
661	0.852839
662	0.852795
663	0.852755
664	0.852725
665	0.852684
666	0.852650
667	0.852624
668	0.852598
669	0.852567
670	0.850908
671	0.850874
672	0.850845
673	0.850820
674	0.850780
675	0.850748
676	0.850729
677	0.850702
678	0.850675
679	0.850649
680	0.850620
681	0.850590
682	0.850563
683	0.850534
684	0.850493
685	0.850453
686	0.850427
687	0.850382
688	0.850364
689	0.850320
690	0.850291
691	0.850264
692	0.850228
693	0.850192
694	0.850161
695	0.850126
696	0.850087
697	0.850067
698	0.850035
699	0.849997
700	0.849969
701	0.849937
702	0.849925
703	0.847277
704	0.847232
705	0.847205
706	0.847166
707	0.847132
708	0.847091
709	0.847071
710	0.847038
711	0.847004
712	0.846974
713	0.846947
714	0.846925
715	0.846883
716	0.846861
717	0.846834
718	0.846790
719	0.846755
720	0.846726
721	0.846672
722	0.846639
723	0.846601
724	0.846567
725	0.846521
726	0.846475
727	0.846433
728	0.846401
729	0.846352
730	0.846331
731	0.846285
732	0.846259
733	0.846208
734	0.846175
735	0.844513
736	0.844471
737	0.842807
738	0.842765
739	0.842735
740	0.842701
741	0.842653
742	0.842604
743	0.842583
744	0.842538
745	0.842501
746	0.842458
747	0.840790
748	0.840764
749	0.840750
750	0.840704
751	0.840662
752	0.838990
753	0.837329
754	0.835675
755	0.834037
756	0.833990
757	0.832325
758	0.832278
759	0.832240
760	0.832185
761	0.828911
762	0.828855
763	0.828793
764	0.828745
765	0.828691
766	0.827017
767	0.826956
768	0.825311
769	0.825279
770	0.825224
771	0.825163
772	0.823489
773	0.821830
774	0.821797
775	0.821725
776	0.821691
777	0.821630
778	0.821569
779	0.821517
780	0.819848
781	0.819803
782	0.819749
783	0.818105
784	0.818074
785	0.813211
786	0.811550
787	0.809899
788	0.806662
789	0.806626
790	0.804993
791	0.804931
792	0.804871
793	0.803248
794	0.800022
795	0.799973
796	0.799894
797	0.795059
798	0.793396
799	0.791741
800	0.786882
801	0.786807
802	0.785156
803	0.781893
804	0.778624
805	0.775362
806	0.773698
807	0.765668
808	0.759241
809	0.749618
810	0.741577
811	0.730379
812	0.717571
813	0.704755
814	0.693550
815	0.683968
816	0.672783
817	0.661595
818	0.653593
819	0.644008
820	0.634418
821	0.624825
822	0.613638
823	0.602442
824	0.592865
825	0.584884
826	0.573705
827	0.564131
828	0.551373
829	0.544969
830	0.540140
831	0.538455
832	0.538373
833	0.538311
834	0.538256
835	0.538192
836	0.538144
837	0.538091
838	0.538038
839	0.537977
840	0.537919
841	0.537856
842	0.537806
843	0.537750
844	0.537718
845	0.537658
846	0.537609
847	0.537573
848	0.537522
849	0.537493
850	0.537424
851	0.537374
852	0.536367
853	0.536325
854	0.536292
855	0.536257
856	0.536230
857	0.536171
858	0.536115
859	0.536076
860	0.536051
861	0.536012
862	0.535972
863	0.535940
864	0.535913
865	0.535880
866	0.535846
867	0.535808
868	0.535750
869	0.535714
870	0.535658
871	0.535626
872	0.535577
873	0.535525
874	0.535497
875	0.535457
876	0.535415
877	0.535367
878	0.535323
879	0.535273
880	0.535235
881	0.535195
882	0.535153
883	0.535126
884	0.535088
885	0.535062
886	0.535035
887	0.535002
888	0.534946
889	0.534901
890	0.534875
891	0.534823
892	0.534797
893	0.534760
894	0.534722
895	0.534675
896	0.534638
897	0.534608
898	0.534561
899	0.534522
900	0.534488
901	0.534462
902	0.534423
903	0.534385
904	0.534349
905	0.534312
906	0.534289
907	0.534277
908	0.534251
909	0.534216
910	0.534189
911	0.534139
912	0.533139
913	0.533108
914	0.533081
915	0.533061
916	0.533030
917	0.532986
918	0.532969
919	0.532921
920	0.532880
921	0.532848
922	0.532825
923	0.532796
924	0.532776
925	0.532729
926	0.532700
927	0.532675
928	0.532640
929	0.532600
930	0.532576
931	0.532562
932	0.532533
933	0.532493
934	0.532462
935	0.531451
936	0.531410
937	0.531372
938	0.531324
939	0.531295
940	0.531262
941	0.531230
942	0.531199
943	0.531145
944	0.531111
945	0.530110
946	0.530071
947	0.530038
948	0.529999
949	0.529973
950	0.529933
951	0.529895
952	0.529862
953	0.529816
954	0.528820
955	0.528775
956	0.528741
957	0.528701
958	0.528669
959	0.528628
960	0.528596
961	0.528525
962	0.528489
963	0.528459
964	0.528405
965	0.527405
966	0.527370
967	0.527332
968	0.527285
969	0.527232
970	0.527180
971	0.527148
972	0.527078
973	0.527022
974	0.526985
975	0.526927
976	0.526886
977	0.526848
978	0.526816
979	0.526771
980	0.526729
981	0.525732
982	0.525666
983	0.525629
984	0.525574
985	0.525544
986	0.525510
987	0.525471
988	0.525445
989	0.525399
990	0.525355
991	0.525327
992	0.525286
993	0.525234
994	0.525183
995	0.525149
996	0.525120
997	0.525086
998	0.525059
999	0.525009
1000	0.524036

