     1	1000000007259.148926
     2	1000000006658.401855
     3	1000000006194.864746
     4	1000000005990.045654
     5	1000000005888.714966
     6	1000000005807.890991
     7	1000000005754.020630
     8	1000000005698.430054
     9	1000000005652.921875
    10	1000000005617.447266
    11	1000000005593.916016
    12	1000000005573.458374
    13	1000000005556.541626
    14	1000000005544.939941
    15	1000000005536.471924
    16	1000000005527.077026
    17	1000000005522.686035
    18	1000000005519.656860
    19	1000000005517.168701
    20	1000000005515.662476
    21	1000000005514.445435
    22	1000000005513.280396
    23	1000000005512.365845
    24	1000000005511.332275
    25	1000000005510.087280
    26	1000000005508.851196
    27	1000000005507.615356
    28	1000000005506.175171
    29	1000000005504.954346
    30	1000000005503.380981
    31	1000000005502.163330
    32	1000000005501.131836
    33	1000000005500.055420
    34	1000000005498.861694
    35	1000000005497.802246
    36	1000000005496.795654
    37	1000000005495.495239
    38	1000000005494.415039
    39	1000000005493.385864
    40	1000000005492.276001
    41	1000000005491.284180
    42	1000000005490.128540
    43	1000000005489.028809
    44	1000000005487.797729
    45	1000000005486.534546
    46	1000000005485.339966
    47	1000000005483.977295
    48	1000000005482.524414
    49	1000000005481.141724
    50	1000000005479.799316
    51	1000000005478.428955
    52	1000000005477.298340
    53	1000000005475.883911
    54	1000000005474.662476
    55	1000000005473.647095
    56	1000000005472.697266
    57	1000000005471.475586
    58	1000000005470.368530
    59	1000000005469.099609
    60	1000000005468.053101
    61	1000000005466.878296
    62	1000000005465.738159
    63	1000000005464.589600
    64	1000000005463.276489
    65	1000000005461.958984
    66	1000000005460.669189
    67	1000000005459.375000
    68	1000000005458.263794
    69	1000000005456.980835
    70	1000000005455.853394
    71	1000000005454.558594
    72	1000000005453.356201
    73	1000000005452.067261
    74	1000000005450.841919
    75	1000000005449.724609
    76	1000000005448.639526
    77	1000000005447.633911
    78	1000000005446.690674
    79	1000000005445.639771
    80	1000000005444.435791
    81	1000000005443.252686
    82	1000000005442.187866
    83	1000000005441.157715
    84	1000000005440.173706
    85	1000000005439.209351
    86	1000000005438.223511
    87	1000000005437.333984
    88	1000000005436.498169
    89	1000000005435.567749
    90	1000000005434.746460
    91	1000000005433.886475
    92	1000000005432.964111
    93	1000000005432.008545
    94	1000000005431.112305
    95	1000000005430.108276
    96	1000000005429.097900
    97	1000000005428.200439
    98	1000000005427.403564
    99	1000000005426.577881
   100	1000000005425.833496
   101	1000000005425.070679
   102	1000000005424.333374
   103	1000000005423.514160
   104	1000000005422.734985
   105	1000000005421.879150
   106	1000000005420.955566
   107	1000000005420.071289
   108	1000000005419.199951
   109	1000000005418.195435
   110	1000000005417.261475
   111	1000000005416.418945
   112	1000000005415.535889
   113	1000000005414.726074
   114	1000000005413.851074
   115	1000000005413.108276
   116	1000000005412.478394
   117	1000000005411.689575
   118	1000000005411.076294
   119	1000000005410.359619
   120	1000000005409.535034
   121	1000000005408.891724
   122	1000000005408.141724
   123	1000000005407.415649
   124	1000000005406.660889
   125	1000000005405.987549
   126	1000000005405.287231
   127	1000000005404.470459
   128	1000000005403.697144
   129	1000000005402.967285
   130	1000000005402.215454
   131	1000000005401.554321
   132	1000000005400.855225
   133	1000000005400.151611
   134	1000000005399.406616
   135	1000000005398.681274
   136	1000000005397.958740
   137	1000000005397.335815
   138	1000000005396.683350
   139	1000000005396.054321
   140	1000000005395.444946
   141	1000000005394.776611
   142	1000000005394.214844
   143	1000000005393.656616
   144	1000000005392.969360
   145	1000000005392.388794
   146	1000000005391.837769
   147	1000000005391.213745
   148	1000000005390.512085
   149	1000000005389.887329
   150	1000000005389.271484
   151	1000000005388.636841
   152	1000000005387.923950
   153	1000000005387.276001
   154	1000000005386.644165
   155	1000000005386.032715
   156	1000000005385.308594
   157	1000000005384.745239
   158	1000000005384.237915
   159	1000000005383.656860
   160	1000000005383.109375
   161	1000000005382.597900
   162	1000000005381.997559
   163	1000000005381.391846
   164	1000000005380.861206
   165	1000000005380.326294
   166	1000000005379.768066
   167	1000000005379.243530
   168	1000000005378.652466
   169	1000000005378.106201
   170	1000000005377.516846
   171	1000000005376.782104
   172	1000000005376.139526
   173	1000000005375.630615
   174	1000000005375.017456
   175	1000000005374.485840
   176	1000000005374.035889
   177	1000000005373.525391
   178	1000000005372.957520
   179	1000000005372.434570
   180	1000000005371.973145
   181	1000000005371.427246
   182	1000000005370.895386
   183	1000000005370.342529
   184	1000000005369.835571
   185	1000000005369.289185
   186	1000000005368.789185
   187	1000000005368.219604
   188	1000000005367.763794
   189	1000000005367.302734
   190	1000000005366.881836
   191	1000000005366.458740
   192	1000000005366.020996
   193	1000000005365.494751
   194	1000000005365.036499
   195	1000000005364.527100
   196	1000000005364.101196
   197	1000000005363.549194
   198	1000000005363.042725
   199	1000000005362.516235
   200	1000000005362.020996
   201	1000000005361.477539
   202	1000000005361.000854
   203	1000000005360.618286
   204	1000000005360.073730
   205	1000000005359.581421
   206	1000000005358.948730
   207	1000000005358.496094
   208	1000000005358.000610
   209	1000000005357.456055
   210	1000000005356.863525
   211	1000000005356.317261
   212	1000000005355.800171
   213	1000000005355.250610
   214	1000000005354.792236
   215	1000000005354.319946
   216	1000000005353.836670
   217	1000000005353.353394
   218	1000000005352.804565
   219	1000000005352.282349
   220	1000000005351.890381
   221	1000000005351.438599
   222	1000000005350.913330
   223	1000000005350.430786
   224	1000000005350.032959
   225	1000000005349.581299
   226	1000000005349.104736
   227	1000000005348.654419
   228	1000000005348.101074
   229	1000000005347.575195
   230	1000000005347.103760
   231	1000000005346.636475
   232	1000000005346.214966
   233	1000000005345.783081
   234	1000000005345.366089
   235	1000000005344.940430
   236	1000000005344.576904
   237	1000000005344.189209
   238	1000000005343.780396
   239	1000000005343.387695
   240	1000000005342.962036
   241	1000000005342.552856
   242	1000000005342.087891
   243	1000000005341.679199
   244	1000000005341.258789
   245	1000000005340.768799
   246	1000000005340.382080
   247	1000000005339.942505
   248	1000000005339.550171
   249	1000000005339.137329
   250	1000000005338.751099
   251	1000000005338.373169
   252	1000000005337.953979
   253	1000000005337.625000
   254	1000000005337.263184
   255	1000000005336.906250
   256	1000000005336.581909
   257	1000000005336.215210
   258	1000000005335.834595
   259	1000000005335.392456
   260	1000000005335.016724
   261	1000000005334.642700
   262	1000000005334.191406
   263	1000000005333.788574
   264	1000000005333.372925
   265	1000000005332.908691
   266	1000000005332.451416
   267	1000000005332.053711
   268	1000000005331.639404
   269	1000000005331.187866
   270	1000000005330.726196
   271	1000000005330.223999
   272	1000000005329.747559
   273	1000000005329.286621
   274	1000000005328.831909
   275	1000000005328.387451
   276	1000000005327.972290
   277	1000000005327.566040
   278	1000000005327.145996
   279	1000000005326.664551
   280	1000000005326.320801
   281	1000000005325.946411
   282	1000000005325.590454
   283	1000000005325.235229
   284	1000000005324.850586
   285	1000000005324.441895
   286	1000000005323.977661
   287	1000000005323.582031
   288	1000000005323.184326
   289	1000000005322.824829
   290	1000000005322.444214
   291	1000000005322.156860
   292	1000000005321.866211
   293	1000000005321.548950
   294	1000000005321.157471
   295	1000000005320.821411
   296	1000000005320.418335
   297	1000000005320.077271
   298	1000000005319.748291
   299	1000000005319.351074
   300	1000000005318.963135
   301	1000000005318.575806
   302	1000000005318.230835
   303	1000000005317.852295
   304	1000000005317.466309
   305	1000000005317.091064
   306	1000000005316.684814
   307	1000000005316.325806
   308	1000000005315.904785
   309	1000000005315.544434
   310	1000000005315.135986
   311	1000000005314.841675
   312	1000000005314.487671
   313	1000000005314.135010
   314	1000000005313.816406
   315	1000000005313.439331
   316	1000000005313.065186
   317	1000000005312.694214
   318	1000000005312.333496
   319	1000000005311.965576
   320	1000000005311.626831
   321	1000000005311.275879
   322	1000000005310.898560
   323	1000000005310.550781
   324	1000000005310.266846
   325	1000000005309.894165
   326	1000000005309.576294
   327	1000000005309.319214
   328	1000000005309.038086
   329	1000000005308.786255
   330	1000000005308.528564
   331	1000000005308.126831
   332	1000000005307.825439
   333	1000000005307.472900
   334	1000000005307.091431
   335	1000000005306.754150
   336	1000000005306.369141
   337	1000000005305.989990
   338	1000000005305.581055
   339	1000000005305.224609
   340	1000000005304.912476
   341	1000000005304.551025
   342	1000000005304.199341
   343	1000000005303.887939
   344	1000000005303.581055
   345	1000000005303.307739
   346	1000000005303.040161
   347	1000000005302.760254
   348	1000000005302.426270
   349	1000000005302.081421
   350	1000000005301.681519
   351	1000000005301.340820
   352	1000000005300.952026
   353	1000000005300.551025
   354	1000000005300.189209
   355	1000000005299.837769
   356	1000000005299.529541
   357	1000000005299.155151
   358	1000000005298.793579
   359	1000000005298.560669
   360	1000000005298.251221
   361	1000000005297.953369
   362	1000000005297.628540
   363	1000000005297.313354
   364	1000000005296.997070
   365	1000000005296.671265
   366	1000000005296.312500
   367	1000000005295.943115
   368	1000000005295.584961
   369	1000000005295.251221
   370	1000000005294.880249
   371	1000000005294.501465
   372	1000000005294.162720
   373	1000000005293.811890
   374	1000000005293.495850
   375	1000000005293.121826
   376	1000000005292.819214
   377	1000000005292.467285
   378	1000000005292.183594
   379	1000000005291.894165
   380	1000000005291.600220
   381	1000000005291.284424
   382	1000000005291.042114
   383	1000000005290.760620
   384	1000000005290.491089
   385	1000000005290.240845
   386	1000000005289.930786
   387	1000000005289.569580
   388	1000000005289.265869
   389	1000000005288.876831
   390	1000000005288.530029
   391	1000000005288.212036
   392	1000000005287.834961
   393	1000000005287.571289
   394	1000000005287.172241
   395	1000000005286.823364
   396	1000000005286.489990
   397	1000000005286.168335
   398	1000000005285.824341
   399	1000000005285.540405
   400	1000000005285.244141
   401	1000000005284.956665
   402	1000000005284.657715
   403	1000000005284.343140
   404	1000000005284.067505
   405	1000000005283.712524
   406	1000000005283.390625
   407	1000000005283.081909
   408	1000000005282.813354
   409	1000000005282.479004
   410	1000000005282.136719
   411	1000000005281.805786
   412	1000000005281.477295
   413	1000000005281.147705
   414	1000000005280.789551
   415	1000000005280.422241
   416	1000000005280.163696
   417	1000000005279.817871
   418	1000000005279.453491
   419	1000000005279.198364
   420	1000000005278.929321
   421	1000000005278.646484
   422	1000000005278.383789
   423	1000000005278.108154
   424	1000000005277.785034
   425	1000000005277.491699
   426	1000000005277.203491
   427	1000000005276.939819
   428	1000000005276.643066
   429	1000000005276.343506
   430	1000000005276.046631
   431	1000000005275.747559
   432	1000000005275.439819
   433	1000000005275.158325
   434	1000000005274.878784
   435	1000000005274.530029
   436	1000000005274.186401
   437	1000000005273.852905
   438	1000000005273.558960
   439	1000000005273.241089
   440	1000000005272.908081
   441	1000000005272.647461
   442	1000000005272.344971
   443	1000000005272.036255
   444	1000000005271.709839
   445	1000000005271.403931
   446	1000000005271.081421
   447	1000000005270.848999
   448	1000000005270.534424
   449	1000000005270.253174
   450	1000000005270.004395
   451	1000000005269.735474
   452	1000000005269.448486
   453	1000000005269.108276
   454	1000000005268.841431
   455	1000000005268.498535
   456	1000000005268.204346
   457	1000000005267.914429
   458	1000000005267.559570
   459	1000000005267.315674
   460	1000000005267.044434
   461	1000000005266.776001
   462	1000000005266.426025
   463	1000000005266.132080
   464	1000000005265.819336
   465	1000000005265.530640
   466	1000000005265.242676
   467	1000000005264.919556
   468	1000000005264.600220
   469	1000000005264.306885
   470	1000000005263.977051
   471	1000000005263.651245
   472	1000000005263.356689
   473	1000000005263.048096
   474	1000000005262.771606
   475	1000000005262.438354
   476	1000000005262.154785
   477	1000000005261.864380
   478	1000000005261.597290
   479	1000000005261.307129
   480	1000000005261.061035
   481	1000000005260.786255
   482	1000000005260.490845
   483	1000000005260.197266
   484	1000000005259.927124
   485	1000000005259.597046
   486	1000000005259.271484
   487	1000000005258.985840
   488	1000000005258.580200
   489	1000000005258.312744
   490	1000000005258.016479
   491	1000000005257.693115
   492	1000000005257.364380
   493	1000000005257.117920
   494	1000000005256.831909
   495	1000000005256.590820
   496	1000000005256.291626
   497	1000000005256.010376
   498	1000000005255.746460
   499	1000000005255.451904
   500	1000000005255.191040
   501	1000000005254.837891
   502	1000000005254.447754
   503	1000000005254.094116
   504	1000000005253.720459
   505	1000000005253.444824
   506	1000000005253.171875
   507	1000000005252.853516
   508	1000000005252.505859
   509	1000000005252.223999
   510	1000000005251.903564
   511	1000000005251.598755
   512	1000000005251.351074
   513	1000000005251.014771
   514	1000000005250.696899
   515	1000000005250.397095
   516	1000000005250.082520
   517	1000000005249.777100
   518	1000000005249.487061
   519	1000000005249.226196
   520	1000000005248.971191
   521	1000000005248.688599
   522	1000000005248.403809
   523	1000000005248.053589
   524	1000000005247.760010
   525	1000000005247.438354
   526	1000000005247.145996
   527	1000000005246.859619
   528	1000000005246.609985
   529	1000000005246.285400
   530	1000000005246.017334
   531	1000000005245.753296
   532	1000000005245.475830
   533	1000000005245.213745
   534	1000000005244.899780
   535	1000000005244.587524
   536	1000000005244.283569
   537	1000000005244.023560
   538	1000000005243.737549
   539	1000000005243.442139
   540	1000000005243.147461
   541	1000000005242.823120
   542	1000000005242.572876
   543	1000000005242.282959
   544	1000000005241.992676
   545	1000000005241.740356
   546	1000000005241.504639
   547	1000000005241.281250
   548	1000000005241.057251
   549	1000000005240.839966
   550	1000000005240.628784
   551	1000000005240.428955
   552	1000000005240.232544
   553	1000000005240.028320
   554	1000000005239.841919
   555	1000000005239.642944
   556	1000000005239.438110
   557	1000000005239.235474
   558	1000000005239.025024
   559	1000000005238.796021
   560	1000000005238.605225
   561	1000000005238.385986
   562	1000000005238.189209
   563	1000000005237.984375
   564	1000000005237.777100
   565	1000000005237.604614
   566	1000000005237.433594
   567	1000000005237.276611
   568	1000000005237.132080
   569	1000000005236.978149
   570	1000000005236.797485
   571	1000000005236.613770
   572	1000000005236.405151
   573	1000000005236.196289
   574	1000000005235.979004
   575	1000000005235.813110
   576	1000000005235.663940
   577	1000000005235.471191
   578	1000000005235.303101
   579	1000000005235.153809
   580	1000000005235.017334
   581	1000000005234.886230
   582	1000000005234.717651
   583	1000000005234.579956
   584	1000000005234.411011
   585	1000000005234.263794
   586	1000000005234.084351
   587	1000000005233.925049
   588	1000000005233.766724
   589	1000000005233.599121
   590	1000000005233.433960
   591	1000000005233.298950
   592	1000000005233.156494
   593	1000000005233.021851
   594	1000000005232.852905
   595	1000000005232.652954
   596	1000000005232.468994
   597	1000000005232.280151
   598	1000000005232.044800
   599	1000000005231.875366
   600	1000000005231.661011
   601	1000000005231.444214
   602	1000000005231.216064
   603	1000000005231.040649
   604	1000000005230.818970
   605	1000000005230.600220
   606	1000000005230.371704
   607	1000000005230.172485
   608	1000000005229.932861
   609	1000000005229.689819
   610	1000000005229.458374
   611	1000000005229.266235
   612	1000000005228.976196
   613	1000000005228.730225
   614	1000000005228.490845
   615	1000000005228.236694
   616	1000000005228.014404
   617	1000000005227.765015
   618	1000000005227.544556
   619	1000000005227.300171
   620	1000000005227.073364
   621	1000000005226.897461
   622	1000000005226.689819
   623	1000000005226.480469
   624	1000000005226.298950
   625	1000000005226.060791
   626	1000000005225.839844
   627	1000000005225.632324
   628	1000000005225.405640
   629	1000000005225.171631
   630	1000000005224.927124
   631	1000000005224.705200
   632	1000000005224.518066
   633	1000000005224.296509
   634	1000000005224.091064
   635	1000000005223.884155
   636	1000000005223.641235
   637	1000000005223.423340
   638	1000000005223.200439
   639	1000000005222.975464
   640	1000000005222.704834
   641	1000000005222.465210
   642	1000000005222.210449
   643	1000000005222.007324
   644	1000000005221.831909
   645	1000000005221.646240
   646	1000000005221.456299
   647	1000000005221.244385
   648	1000000005221.081421
   649	1000000005220.896851
   650	1000000005220.701050
   651	1000000005220.537720
   652	1000000005220.314941
   653	1000000005220.082275
   654	1000000005219.822510
   655	1000000005219.576904
   656	1000000005219.345581
   657	1000000005219.115845
   658	1000000005218.931519
   659	1000000005218.690186
   660	1000000005218.470825
   661	1000000005218.253174
   662	1000000005218.089600
   663	1000000005217.879639
   664	1000000005217.648804
   665	1000000005217.470459
   666	1000000005217.286255
   667	1000000005217.084961
   668	1000000005216.926880
   669	1000000005216.730591
   670	1000000005216.532471
   671	1000000005216.372681
   672	1000000005216.205811
   673	1000000005216.005005
   674	1000000005215.842285
   675	1000000005215.634155
   676	1000000005215.447266
   677	1000000005215.239746
   678	1000000005215.060059
   679	1000000005214.841431
   680	1000000005214.675415
   681	1000000005214.476196
   682	1000000005214.316650
   683	1000000005214.151855
   684	1000000005213.914429
   685	1000000005213.683105
   686	1000000005213.460205
   687	1000000005213.236206
   688	1000000005212.997559
   689	1000000005212.784424
   690	1000000005212.556519
   691	1000000005212.378174
   692	1000000005212.150635
   693	1000000005211.952881
   694	1000000005211.746704
   695	1000000005211.535889
   696	1000000005211.334839
   697	1000000005211.150635
   698	1000000005210.938110
   699	1000000005210.753906
   700	1000000005210.540039
   701	1000000005210.325684
   702	1000000005210.142944
   703	1000000005209.982666
   704	1000000005209.802490
   705	1000000005209.603760
   706	1000000005209.435791
   707	1000000005209.250244
   708	1000000005209.110229
   709	1000000005208.941895
   710	1000000005208.764526
   711	1000000005208.600586
   712	1000000005208.412964
   713	1000000005208.213501
   714	1000000005208.048096
   715	1000000005207.890015
   716	1000000005207.728760
   717	1000000005207.557251
   718	1000000005207.370850
   719	1000000005207.191284
   720	1000000005207.015869
   721	1000000005206.834961
   722	1000000005206.673584
   723	1000000005206.517944
   724	1000000005206.345459
   725	1000000005206.150879
   726	1000000005205.972290
   727	1000000005205.778564
   728	1000000005205.579346
   729	1000000005205.410645
   730	1000000005205.196045
   731	1000000005205.005981
   732	1000000005204.831665
   733	1000000005204.635010
   734	1000000005204.444580
   735	1000000005204.273804
   736	1000000005204.097656
   737	1000000005203.927246
   738	1000000005203.775391
   739	1000000005203.599121
   740	1000000005203.444336
   741	1000000005203.264404
   742	1000000005203.097656
   743	1000000005202.964844
   744	1000000005202.798340
   745	1000000005202.625000
   746	1000000005202.495850
   747	1000000005202.352661
   748	1000000005202.204224
   749	1000000005202.028076
   750	1000000005201.853760
   751	1000000005201.686646
   752	1000000005201.494019
   753	1000000005201.281006
   754	1000000005201.114990
   755	1000000005200.938354
   756	1000000005200.791870
   757	1000000005200.626831
   758	1000000005200.415894
   759	1000000005200.241455
   760	1000000005200.065430
   761	1000000005199.905396
   762	1000000005199.765381
   763	1000000005199.591431
   764	1000000005199.410645
   765	1000000005199.237305
   766	1000000005199.055786
   767	1000000005198.896606
   768	1000000005198.750244
   769	1000000005198.599121
   770	1000000005198.471191
   771	1000000005198.319336
   772	1000000005198.208130
   773	1000000005198.085205
   774	1000000005197.949585
   775	1000000005197.813354
   776	1000000005197.643799
   777	1000000005197.499634
   778	1000000005197.379395
   779	1000000005197.232910
   780	1000000005197.103149
   781	1000000005196.946289
   782	1000000005196.805786
   783	1000000005196.628174
   784	1000000005196.435059
   785	1000000005196.274170
   786	1000000005196.069214
   787	1000000005195.850220
   788	1000000005195.679810
   789	1000000005195.523071
   790	1000000005195.386719
   791	1000000005195.243286
   792	1000000005195.076294
   793	1000000005194.952271
   794	1000000005194.815674
   795	1000000005194.680420
   796	1000000005194.528320
   797	1000000005194.372559
   798	1000000005194.238281
   799	1000000005194.111694
   800	1000000005193.976685
   801	1000000005193.866455
   802	1000000005193.725220
   803	1000000005193.569946
   804	1000000005193.431274
   805	1000000005193.279175
   806	1000000005193.139526
   807	1000000005193.002930
   808	1000000005192.867676
   809	1000000005192.722534
   810	1000000005192.577515
   811	1000000005192.434570
   812	1000000005192.278809
   813	1000000005192.129150
   814	1000000005191.981934
   815	1000000005191.843384
   816	1000000005191.712891
   817	1000000005191.551880
   818	1000000005191.414551
   819	1000000005191.278320
   820	1000000005191.150024
   821	1000000005191.023071
   822	1000000005190.905884
   823	1000000005190.792236
   824	1000000005190.668945
   825	1000000005190.533691
   826	1000000005190.392944
   827	1000000005190.265869
   828	1000000005190.141479
   829	1000000005189.980225
   830	1000000005189.833130
   831	1000000005189.702271
   832	1000000005189.594849
   833	1000000005189.477295
   834	1000000005189.360229
   835	1000000005189.247681
   836	1000000005189.144165
   837	1000000005189.014526
   838	1000000005188.897461
   839	1000000005188.770386
   840	1000000005188.645630
   841	1000000005188.510864
   842	1000000005188.359985
   843	1000000005188.209351
   844	1000000005188.097046
   845	1000000005187.962891
   846	1000000005187.805664
   847	1000000005187.642944
   848	1000000005187.490601
   849	1000000005187.359131
   850	1000000005187.215576
   851	1000000005187.075684
   852	1000000005186.951294
   853	1000000005186.821045
   854	1000000005186.699585
   855	1000000005186.589355
   856	1000000005186.456299
   857	1000000005186.310059
   858	1000000005186.196411
   859	1000000005186.084961
   860	1000000005185.974731
   861	1000000005185.836914
   862	1000000005185.709351
   863	1000000005185.568359
   864	1000000005185.415894
   865	1000000005185.262451
   866	1000000005185.158325
   867	1000000005185.059814
   868	1000000005184.933960
   869	1000000005184.815796
   870	1000000005184.710815
   871	1000000005184.582520
   872	1000000005184.464355
   873	1000000005184.324585
   874	1000000005184.180420
   875	1000000005184.022339
   876	1000000005183.900391
   877	1000000005183.775024
   878	1000000005183.650635
   879	1000000005183.520386
   880	1000000005183.384155
   881	1000000005183.252075
   882	1000000005183.134155
   883	1000000005183.008911
   884	1000000005182.889771
   885	1000000005182.796875
   886	1000000005182.693726
   887	1000000005182.575684
   888	1000000005182.454834
   889	1000000005182.369019
   890	1000000005182.251831
   891	1000000005182.124390
   892	1000000005182.025269
   893	1000000005181.910156
   894	1000000005181.786499
   895	1000000005181.643311
   896	1000000005181.513550
   897	1000000005181.394409
   898	1000000005181.260254
   899	1000000005181.131836
   900	1000000005181.010010
   901	1000000005180.880981
   902	1000000005180.748169
   903	1000000005180.617554
   904	1000000005180.503174
   905	1000000005180.397949
   906	1000000005180.275391
   907	1000000005180.179565
   908	1000000005180.065430
   909	1000000005179.956299
   910	1000000005179.839966
   911	1000000005179.727295
   912	1000000005179.621704
   913	1000000005179.517090
   914	1000000005179.393799
   915	1000000005179.273926
   916	1000000005179.176636
   917	1000000005179.063965
   918	1000000005178.961426
   919	1000000005178.847900
   920	1000000005178.734741
   921	1000000005178.643799
   922	1000000005178.537964
   923	1000000005178.444946
   924	1000000005178.348755
   925	1000000005178.274536
   926	1000000005178.182495
   927	1000000005178.085449
   928	1000000005177.987061
   929	1000000005177.895996
   930	1000000005177.793945
   931	1000000005177.677734
   932	1000000005177.576904
   933	1000000005177.461060
   934	1000000005177.369995
   935	1000000005177.270020
   936	1000000005177.175415
   937	1000000005177.075439
   938	1000000005176.977539
   939	1000000005176.897339
   940	1000000005176.823364
   941	1000000005176.733765
   942	1000000005176.651855
   943	1000000005176.568115
   944	1000000005176.487305
   945	1000000005176.399780
   946	1000000005176.323120
   947	1000000005176.232910
   948	1000000005176.139771
   949	1000000005176.042236
   950	1000000005175.935181
   951	1000000005175.852295
   952	1000000005175.761841
   953	1000000005175.674561
   954	1000000005175.579224
   955	1000000005175.489746
   956	1000000005175.408569
   957	1000000005175.331421
   958	1000000005175.231934
   959	1000000005175.124390
   960	1000000005175.042969
   961	1000000005174.949951
   962	1000000005174.886475
   963	1000000005174.782349
   964	1000000005174.690796
   965	1000000005174.604614
   966	1000000005174.512329
   967	1000000005174.421021
   968	1000000005174.340454
   969	1000000005174.248291
   970	1000000005174.170044
   971	1000000005174.099976
   972	1000000005174.020020
   973	1000000005173.932251
   974	1000000005173.853516
   975	1000000005173.759766
   976	1000000005173.688965
   977	1000000005173.592529
   978	1000000005173.516846
   979	1000000005173.422729
   980	1000000005173.334839
   981	1000000005173.240234
   982	1000000005173.152344
   983	1000000005173.064819
   984	1000000005172.964355
   985	1000000005172.868164
   986	1000000005172.777344
   987	1000000005172.679810
   988	1000000005172.584961
   989	1000000005172.503296
   990	1000000005172.411011
   991	1000000005172.326416
   992	1000000005172.237549
   993	1000000005172.142090
   994	1000000005172.069580
   995	1000000005172.007080
   996	1000000005171.914185
   997	1000000005171.834595
   998	1000000005171.748291
   999	1000000005171.655396
  1000	1000000005171.559570
  1001	1000000005171.462280
  1002	1000000005171.373779
  1003	1000000005171.290039
  1004	1000000005171.211914
  1005	1000000005171.120850
  1006	1000000005171.041504
  1007	1000000005170.956055
  1008	1000000005170.885864
  1009	1000000005170.814331
  1010	1000000005170.738281
  1011	1000000005170.657715
  1012	1000000005170.585449
  1013	1000000005170.504639
  1014	1000000005170.430054
  1015	1000000005170.359375
  1016	1000000005170.280396
  1017	1000000005170.206909
  1018	1000000005170.144775
  1019	1000000005170.077026
  1020	1000000005170.013916
  1021	1000000005169.936646
  1022	1000000005169.861206
  1023	1000000005169.795044
  1024	1000000005169.733521
  1025	1000000005169.669556
  1026	1000000005169.598999
  1027	1000000005169.530151
  1028	1000000005169.462891
  1029	1000000005169.390015
  1030	1000000005169.318726
  1031	1000000005169.239014
  1032	1000000005169.177490
  1033	1000000005169.098389
  1034	1000000005169.016846
  1035	1000000005168.939209
  1036	1000000005168.868164
  1037	1000000005168.785889
  1038	1000000005168.713501
  1039	1000000005168.648926
  1040	1000000005168.572266
  1041	1000000005168.505371
  1042	1000000005168.428345
  1043	1000000005168.354736
  1044	1000000005168.281494
  1045	1000000005168.204346
  1046	1000000005168.136719
  1047	1000000005168.067505
  1048	1000000005168.011719
  1049	1000000005167.950806
  1050	1000000005167.882446
  1051	1000000005167.821045
  1052	1000000005167.761719
  1053	1000000005167.696289
  1054	1000000005167.629150
  1055	1000000005167.570679
  1056	1000000005167.506470
  1057	1000000005167.440674
  1058	1000000005167.372314
  1059	1000000005167.311646
  1060	1000000005167.244629
  1061	1000000005167.177734
  1062	1000000005167.114014
  1063	1000000005167.049561
  1064	1000000005166.982300
  1065	1000000005166.924194
  1066	1000000005166.863525
  1067	1000000005166.793335
  1068	1000000005166.738770
  1069	1000000005166.680664
  1070	1000000005166.619141
  1071	1000000005166.560059
  1072	1000000005166.505859
  1073	1000000005166.446411
  1074	1000000005166.394775
  1075	1000000005166.335571
  1076	1000000005166.281616
  1077	1000000005166.227905
  1078	1000000005166.181030
  1079	1000000005166.126831
  1080	1000000005166.060181
  1081	1000000005166.010010
  1082	1000000005165.949951
  1083	1000000005165.891846
  1084	1000000005165.838745
  1085	1000000005165.785645
  1086	1000000005165.734375
  1087	1000000005165.680786
  1088	1000000005165.644775
  1089	1000000005165.606934
  1090	1000000005165.554199
  1091	1000000005165.507324
  1092	1000000005165.454956
  1093	1000000005165.398804
  1094	1000000005165.345825
  1095	1000000005165.288330
  1096	1000000005165.233765
  1097	1000000005165.173096
  1098	1000000005165.121216
  1099	1000000005165.063354
  1100	1000000005165.010376
  1101	1000000005164.955566
  1102	1000000005164.901001
  1103	1000000005164.849976
  1104	1000000005164.798584
  1105	1000000005164.734985
  1106	1000000005164.675415
  1107	1000000005164.633911
  1108	1000000005164.583130
  1109	1000000005164.530151
  1110	1000000005164.490356
  1111	1000000005164.450684
  1112	1000000005164.410645
  1113	1000000005164.364990
  1114	1000000005164.321045
  1115	1000000005164.274536
  1116	1000000005164.231934
  1117	1000000005164.185669
  1118	1000000005164.145386
  1119	1000000005164.105835
  1120	1000000005164.064819
  1121	1000000005164.029419
  1122	1000000005163.998901
  1123	1000000005163.957031
  1124	1000000005163.919434
  1125	1000000005163.878296
  1126	1000000005163.842896
  1127	1000000005163.797729
  1128	1000000005163.759644
  1129	1000000005163.713989
  1130	1000000005163.658691
  1131	1000000005163.619385
  1132	1000000005163.579346
  1133	1000000005163.537109
  1134	1000000005163.499634
  1135	1000000005163.462280
  1136	1000000005163.422729
  1137	1000000005163.387695
  1138	1000000005163.353149
  1139	1000000005163.311890
  1140	1000000005163.274170
  1141	1000000005163.243530
  1142	1000000005163.203125
  1143	1000000005163.170410
  1144	1000000005163.130005
  1145	1000000005163.092285
  1146	1000000005163.052490
  1147	1000000005163.011475
  1148	1000000005162.981934
  1149	1000000005162.944824
  1150	1000000005162.903320
  1151	1000000005162.854126
  1152	1000000005162.810059
  1153	1000000005162.772949
  1154	1000000005162.740356
  1155	1000000005162.700439
  1156	1000000005162.660889
  1157	1000000005162.626465
  1158	1000000005162.596436
  1159	1000000005162.555664
  1160	1000000005162.524536
  1161	1000000005162.490601
  1162	1000000005162.453125
  1163	1000000005162.424561
  1164	1000000005162.383911
  1165	1000000005162.347290
  1166	1000000005162.309204
  1167	1000000005162.275879
  1168	1000000005162.247070
  1169	1000000005162.211670
  1170	1000000005162.181519
  1171	1000000005162.149780
  1172	1000000005162.117310
  1173	1000000005162.088135
  1174	1000000005162.062134
  1175	1000000005162.028320
  1176	1000000005162.000244
  1177	1000000005161.967285
  1178	1000000005161.945801
  1179	1000000005161.920654
  1180	1000000005161.893066
  1181	1000000005161.867554
  1182	1000000005161.844849
  1183	1000000005161.827026
  1184	1000000005161.797974
  1185	1000000005161.768799
  1186	1000000005161.739136
  1187	1000000005161.711060
  1188	1000000005161.681885
  1189	1000000005161.658936
  1190	1000000005161.634155
  1191	1000000005161.603760
  1192	1000000005161.581055
  1193	1000000005161.559204
  1194	1000000005161.541504
  1195	1000000005161.517334
  1196	1000000005161.496460
  1197	1000000005161.473755
  1198	1000000005161.449219
  1199	1000000005161.422485
  1200	1000000005161.397095
  1201	1000000005161.372559
  1202	1000000005161.341064
  1203	1000000005161.316040
  1204	1000000005161.291016
  1205	1000000005161.271606
  1206	1000000005161.242554
  1207	1000000005161.220215
  1208	1000000005161.193726
  1209	1000000005161.165039
  1210	1000000005161.140381
  1211	1000000005161.109985
  1212	1000000005161.086426
  1213	1000000005161.058105
  1214	1000000005161.038086
  1215	1000000005161.015625
  1216	1000000005160.989624
  1217	1000000005160.966919
  1218	1000000005160.944824
  1219	1000000005160.925415
  1220	1000000005160.906494
  1221	1000000005160.882446
  1222	1000000005160.861206
  1223	1000000005160.839600
  1224	1000000005160.818359
  1225	1000000005160.796509
  1226	1000000005160.774780
  1227	1000000005160.749756
  1228	1000000005160.725586
  1229	1000000005160.704834
  1230	1000000005160.676270
  1231	1000000005160.653931
  1232	1000000005160.629150
  1233	1000000005160.608154
  1234	1000000005160.580811
  1235	1000000005160.560059
  1236	1000000005160.539551
  1237	1000000005160.518066
  1238	1000000005160.499146
  1239	1000000005160.474609
  1240	1000000005160.453369
  1241	1000000005160.432861
  1242	1000000005160.411011
  1243	1000000005160.389404
  1244	1000000005160.371826
  1245	1000000005160.354980
  1246	1000000005160.330444
  1247	1000000005160.311401
  1248	1000000005160.292969
  1249	1000000005160.274414
  1250	1000000005160.253906
  1251	1000000005160.230591
  1252	1000000005160.211304
  1253	1000000005160.191895
  1254	1000000005160.174316
  1255	1000000005160.156250
  1256	1000000005160.137939
  1257	1000000005160.116699
  1258	1000000005160.098755
  1259	1000000005160.078735
  1260	1000000005160.057251
  1261	1000000005160.041870
  1262	1000000005160.030640
  1263	1000000005160.015991
  1264	1000000005159.997070
  1265	1000000005159.982666
  1266	1000000005159.965576
  1267	1000000005159.949951
  1268	1000000005159.940796
  1269	1000000005159.922241
  1270	1000000005159.908325
  1271	1000000005159.896484
  1272	1000000005159.884766
  1273	1000000005159.870361
  1274	1000000005159.855225
  1275	1000000005159.841919
  1276	1000000005159.824585
  1277	1000000005159.814331
  1278	1000000005159.796875
  1279	1000000005159.785889
  1280	1000000005159.772705
  1281	1000000005159.757935
  1282	1000000005159.741699
  1283	1000000005159.726074
  1284	1000000005159.711060
  1285	1000000005159.697510
  1286	1000000005159.681885
  1287	1000000005159.665649
  1288	1000000005159.648560
  1289	1000000005159.632080
  1290	1000000005159.612915
  1291	1000000005159.601685
  1292	1000000005159.587036
  1293	1000000005159.576294
  1294	1000000005159.564209
  1295	1000000005159.550659
  1296	1000000005159.543701
  1297	1000000005159.535034
  1298	1000000005159.522339
  1299	1000000005159.511475
  1300	1000000005159.502075
  1301	1000000005159.489624
  1302	1000000005159.477295
  1303	1000000005159.469116
  1304	1000000005159.456421
  1305	1000000005159.449341
  1306	1000000005159.442261
  1307	1000000005159.431641
  1308	1000000005159.418091
  1309	1000000005159.406860
  1310	1000000005159.391479
  1311	1000000005159.381714
  1312	1000000005159.376831
  1313	1000000005159.367920
  1314	1000000005159.356689
  1315	1000000005159.344360
  1316	1000000005159.331665
  1317	1000000005159.322144
  1318	1000000005159.314941
  1319	1000000005159.303955
  1320	1000000005159.298340
  1321	1000000005159.288940
  1322	1000000005159.281616
  1323	1000000005159.275635
  1324	1000000005159.265381
  1325	1000000005159.254395
  1326	1000000005159.246094
  1327	1000000005159.238770
  1328	1000000005159.231079
  1329	1000000005159.223145
  1330	1000000005159.212524
  1331	1000000005159.205811
  1332	1000000005159.200439
  1333	1000000005159.193359
  1334	1000000005159.187744
  1335	1000000005159.176025
  1336	1000000005159.165161
  1337	1000000005159.160034
  1338	1000000005159.155396
  1339	1000000005159.146240
  1340	1000000005159.140259
  1341	1000000005159.132324
  1342	1000000005159.122314
  1343	1000000005159.114990
  1344	1000000005159.108154
  1345	1000000005159.104370
  1346	1000000005159.095459
  1347	1000000005159.089600
  1348	1000000005159.081055
  1349	1000000005159.076416
  1350	1000000005159.069824
  1351	1000000005159.062744
  1352	1000000005159.055420
  1353	1000000005159.049561
  1354	1000000005159.046021
  1355	1000000005159.037720
  1356	1000000005159.030151
  1357	1000000005159.023315
  1358	1000000005159.018555
  1359	1000000005159.015869
  1360	1000000005159.010864
  1361	1000000005159.006836
  1362	1000000005159.001465
  1363	1000000005158.996704
  1364	1000000005158.992920
  1365	1000000005158.989990
  1366	1000000005158.989746
  1367	1000000005158.985474
  1368	1000000005158.979980
  1369	1000000005158.976196
  1370	1000000005158.972046
  1371	1000000005158.968140
  1372	1000000005158.964844
  1373	1000000005158.960449
  1374	1000000005158.958984
  1375	1000000005158.955811
  1376	1000000005158.951294
  1377	1000000005158.943970
  1378	1000000005158.937744
  1379	1000000005158.933960
  1380	1000000005158.932129
  1381	1000000005158.927734
  1382	1000000005158.927246
  1383	1000000005158.923340
  1384	1000000005158.918335
  1385	1000000005158.915649
  1386	1000000005158.909424
  1387	1000000005158.905029
  1388	1000000005158.901489
  1389	1000000005158.898804
  1390	1000000005158.895386
  1391	1000000005158.895630
  1392	1000000005158.893555
  1393	1000000005158.890015
  1394	1000000005158.885864
  1395	1000000005158.880615
  1396	1000000005158.877686
  1397	1000000005158.874634
  1398	1000000005158.872681
  1399	1000000005158.873535
  1400	1000000005158.870239
  1401	1000000005158.868530
  1402	1000000005158.867554
  1403	1000000005158.867065
  1404	1000000005158.865601
  1405	1000000005158.864746
  1406	1000000005158.860474
  1407	1000000005158.856079
  1408	1000000005158.852661
  1409	1000000005158.849976
  1410	1000000005158.847656
  1411	1000000005158.847046
  1412	1000000005158.846069
  1413	1000000005158.847046
  1414	1000000005158.844360
  1415	1000000005158.844360
  1416	1000000005158.843140
  1417	1000000005158.841309
  1418	1000000005158.840454
  1419	1000000005158.838501
  1420	1000000005158.837280
  1421	1000000005158.837769
  1422	1000000005158.838501
  1423	1000000005158.838745
  1424	1000000005158.837280
  1425	1000000005158.835205
  1426	1000000005158.831055
  1427	1000000005158.831421
  1428	1000000005158.827026
  1429	1000000005158.820801
  1430	1000000005158.819214
  1431	1000000005158.818970
  1432	1000000005158.820190
  1433	1000000005158.819336
  1434	1000000005158.817749
  1435	1000000005158.819214
  1436	1000000005158.820801
  1437	1000000005158.817505
  1438	1000000005158.818970
  1439	1000000005158.818970
  1440	1000000005158.818726
  1441	1000000005158.815796
  1442	1000000005158.815186
  1443	1000000005158.816895
  1444	1000000005158.815186
  1445	1000000005158.813721
  1446	1000000005158.811890
  1447	1000000005158.810791
  1448	1000000005158.811035
  1449	1000000005158.811035
  1450	1000000005158.810181
  1451	1000000005158.811890
  1452	1000000005158.813965
  1453	1000000005158.811401
  1454	1000000005158.810181
  1455	1000000005158.809814
  1456	1000000005158.809326
  1457	1000000005158.809814
  1458	1000000005158.811035
  1459	1000000005158.808350
  1460	1000000005158.807861
  1461	1000000005158.807251
  1462	1000000005158.808594
  1463	1000000005158.808105
  1464	1000000005158.807739
  1465	1000000005158.806641
  1466	1000000005158.804810
  1467	1000000005158.802856
  1468	1000000005158.803589
  1469	1000000005158.801880
  1470	1000000005158.799194
  1471	1000000005158.799316
  1472	1000000005158.797485
  1473	1000000005158.797119
  1474	1000000005158.797241
  1475	1000000005158.796875
  1476	1000000005158.797974
  1477	1000000005158.796509
  1478	1000000005158.796875
  1479	1000000005158.796509
  1480	1000000005158.796021
  1481	1000000005158.795410
  1482	1000000005158.792236
  1483	1000000005158.792480
  1484	1000000005158.792114
  1485	1000000005158.791870
  1486	1000000005158.793091
  1487	1000000005158.793701
  1488	1000000005158.793091
  1489	1000000005158.791260
  1490	1000000005158.791626
  1491	1000000005158.792480
  1492	1000000005158.792480
  1493	1000000005158.792236
  1494	1000000005158.792236
  1495	1000000005158.792236
  1496	1000000005158.790649
  1497	1000000005158.790894
  1498	1000000005158.789795
  1499	1000000005158.792725
  1500	1000000005158.791260
  1501	1000000005158.790894
  1502	1000000005158.791260
  1503	1000000005158.791260
  1504	1000000005158.791260
  1505	1000000005158.791870
  1506	1000000005158.792480
  1507	1000000005158.793335
  1508	1000000005158.790649
  1509	1000000005158.790161
  1510	1000000005158.790405
  1511	1000000005158.791016
  1512	1000000005158.790649
  1513	1000000005158.791504
  1514	1000000005158.793091
  1515	1000000005158.793335
  1516	1000000005158.793091
  1517	1000000005158.791504
  1518	1000000005158.788940
  1519	1000000005158.791504
  1520	1000000005158.791870
  1521	1000000005158.792114
  1522	1000000005158.792236
  1523	1000000005158.790894
  1524	1000000005158.790039
  1525	1000000005158.791016
  1526	1000000005158.792114
  1527	1000000005158.792480
  1528	1000000005158.790405
  1529	1000000005158.790039
  1530	1000000005158.790894
  1531	1000000005158.791016
  1532	1000000005158.790894
  1533	1000000005158.792480
  1534	1000000005158.791260
  1535	1000000005158.792114
  1536	1000000005158.791504
  1537	1000000005158.791626
  1538	1000000005158.790894
  1539	1000000005158.791016
  1540	1000000005158.792114
  1541	1000000005158.791626
  1542	1000000005158.790161
  1543	1000000005158.791016
  1544	1000000005158.791504
  1545	1000000005158.791260
  1546	1000000005158.792725
  1547	1000000005158.791260
  1548	1000000005158.791260
  1549	1000000005158.790894
  1550	1000000005158.788940
  1551	1000000005158.790405
  1552	1000000005158.789185
  1553	1000000005158.789429
  1554	1000000005158.789429
  1555	1000000005158.790039
  1556	1000000005158.790405
  1557	1000000005158.791260
  1558	1000000005158.792969
  1559	1000000005158.791870
  1560	1000000005158.791626
  1561	1000000005158.791626
  1562	1000000005158.791626
  1563	1000000005158.790039
  1564	1000000005158.791260
  1565	1000000005158.791870
  1566	1000000005158.791626
  1567	1000000005158.791016
  1568	1000000005158.790894
  1569	1000000005158.790894
  1570	1000000005158.791016
  1571	1000000005158.790649
  1572	1000000005158.791016
  1573	1000000005158.791016
  1574	1000000005158.791016
  1575	1000000005158.791504
  1576	1000000005158.791870
  1577	1000000005158.790649
  1578	1000000005158.790039
  1579	1000000005158.791016
  1580	1000000005158.790894
  1581	1000000005158.790405
  1582	1000000005158.788940
  1583	1000000005158.791260
  1584	1000000005158.790161
  1585	1000000005158.790161
  1586	1000000005158.790405
  1587	1000000005158.791016
  1588	1000000005158.790161
  1589	1000000005158.791504
  1590	1000000005158.790039
  1591	1000000005158.788574
  1592	1000000005158.791260
  1593	1000000005158.790894
  1594	1000000005158.791260
  1595	1000000005158.791016
  1596	1000000005158.791870
  1597	1000000005158.790649
  1598	1000000005158.790649
  1599	1000000005158.789429
  1600	1000000005158.792236
