     1	1000000007417.782715
     2	1000000006777.825684
     3	1000000006193.130371
     4	1000000006026.548340
     5	1000000005851.374756
     6	1000000005745.364624
     7	1000000005729.077881
     8	1000000005717.346680
     9	1000000005573.527100
    10	1000000005628.194214
    11	1000000005594.243164
    12	1000000005438.180054
    13	1000000005387.565796
    14	1000000005341.521484
    15	1000000005316.310425
    16	1000000005286.068726
    17	1000000005265.489746
    18	1000000005261.771484
    19	1000000005259.380859
    20	1000000005258.358154
    21	1000000005257.030884
    22	1000000005255.920654
    23	1000000005254.846069
    24	1000000005253.952026
    25	1000000005253.120850
    26	1000000005252.213501
    27	1000000005251.485474
    28	1000000005250.702026
    29	1000000005249.948486
    30	1000000005249.294189
    31	1000000005248.494019
    32	1000000005247.690430
    33	1000000005246.936279
    34	1000000005246.156250
    35	1000000005245.396484
    36	1000000005244.780884
    37	1000000005244.067139
    38	1000000005243.398071
    39	1000000005242.754150
    40	1000000005242.215210
    41	1000000005241.654419
    42	1000000005241.062134
    43	1000000005240.487305
    44	1000000005239.917969
    45	1000000005239.428589
    46	1000000005238.979004
    47	1000000005238.477661
    48	1000000005237.982300
    49	1000000005237.441895
    50	1000000005236.893555
    51	1000000005236.360596
    52	1000000005235.841309
    53	1000000005235.349121
    54	1000000005234.888916
    55	1000000005234.455444
    56	1000000005234.098511
    57	1000000005233.708374
    58	1000000005233.333374
    59	1000000005232.943970
    60	1000000005232.622314
    61	1000000005232.289429
    62	1000000005231.994019
    63	1000000005231.738159
    64	1000000005231.544189
    65	1000000005231.290649
    66	1000000005231.056030
    67	1000000005230.858765
    68	1000000005230.647949
    69	1000000005230.449829
    70	1000000005230.254150
    71	1000000005230.068970
    72	1000000005229.904541
    73	1000000005229.731445
    74	1000000005229.550415
    75	1000000005229.364014
    76	1000000005229.193115
    77	1000000005229.023926
    78	1000000005228.855469
    79	1000000005228.695801
    80	1000000005228.531006
    81	1000000005228.364014
    82	1000000005228.189941
    83	1000000005228.006836
    84	1000000005227.838989
    85	1000000005227.647461
    86	1000000005227.471680
    87	1000000005227.301514
    88	1000000005227.123169
    89	1000000005226.979736
    90	1000000005226.836914
    91	1000000005226.675049
    92	1000000005226.520996
    93	1000000005226.401611
    94	1000000005226.244629
    95	1000000005226.092041
    96	1000000005225.928589
    97	1000000005225.783569
    98	1000000005225.617676
    99	1000000005225.453491
   100	1000000005225.265869
   101	1000000005225.135376
   102	1000000005224.987549
   103	1000000005224.837891
   104	1000000005224.705566
   105	1000000005224.558105
   106	1000000005224.409790
   107	1000000005224.251465
   108	1000000005224.114990
   109	1000000005223.967041
   110	1000000005223.785400
   111	1000000005223.635986
   112	1000000005223.479126
   113	1000000005223.290649
   114	1000000005223.137085
   115	1000000005222.958130
   116	1000000005222.773560
   117	1000000005222.620605
   118	1000000005222.441650
   119	1000000005222.267090
   120	1000000005222.105225
   121	1000000005221.929810
   122	1000000005221.770264
   123	1000000005221.611694
   124	1000000005221.459106
   125	1000000005221.273804
   126	1000000005221.118286
   127	1000000005220.974976
   128	1000000005220.828979
   129	1000000005220.698486
   130	1000000005220.564941
   131	1000000005220.418091
   132	1000000005220.275391
   133	1000000005220.125244
   134	1000000005219.974365
   135	1000000005219.852905
   136	1000000005219.704224
   137	1000000005219.549561
   138	1000000005219.411499
   139	1000000005219.251221
   140	1000000005219.107056
   141	1000000005218.956299
   142	1000000005218.795654
   143	1000000005218.667114
   144	1000000005218.522339
   145	1000000005218.353394
   146	1000000005218.210205
   147	1000000005218.048706
   148	1000000005217.895020
   149	1000000005217.749390
   150	1000000005217.629761
   151	1000000005217.481934
   152	1000000005217.342285
   153	1000000005217.189819
   154	1000000005217.049194
   155	1000000005216.887451
   156	1000000005216.741211
   157	1000000005216.576660
   158	1000000005216.449341
   159	1000000005216.324829
   160	1000000005216.223389
   161	1000000005216.113525
   162	1000000005216.008789
   163	1000000005215.909424
   164	1000000005215.817139
   165	1000000005215.711304
   166	1000000005215.616821
   167	1000000005215.525635
   168	1000000005215.420654
   169	1000000005215.327026
   170	1000000005215.215576
   171	1000000005215.116455
   172	1000000005215.013794
   173	1000000005214.896484
   174	1000000005214.780884
   175	1000000005214.642700
   176	1000000005214.528564
   177	1000000005214.397339
   178	1000000005214.271851
   179	1000000005214.154419
   180	1000000005214.018311
   181	1000000005213.919189
   182	1000000005213.802246
   183	1000000005213.690430
   184	1000000005213.589966
   185	1000000005213.470825
   186	1000000005213.352051
   187	1000000005213.259155
   188	1000000005213.154419
   189	1000000005213.042969
   190	1000000005212.946045
   191	1000000005212.858765
   192	1000000005212.769165
   193	1000000005212.681885
   194	1000000005212.588989
   195	1000000005212.498779
   196	1000000005212.417480
   197	1000000005212.331055
   198	1000000005212.244751
   199	1000000005212.155884
   200	1000000005212.064819
   201	1000000005211.968994
   202	1000000005211.855469
   203	1000000005211.759399
   204	1000000005211.665894
   205	1000000005211.568115
   206	1000000005211.456299
   207	1000000005211.352661
   208	1000000005211.246216
   209	1000000005211.145264
   210	1000000005211.044434
   211	1000000005210.944214
   212	1000000005210.848511
   213	1000000005210.740356
   214	1000000005210.642944
   215	1000000005210.546509
   216	1000000005210.443481
   217	1000000005210.347534
   218	1000000005210.247070
   219	1000000005210.144531
   220	1000000005210.035400
   221	1000000005209.947510
   222	1000000005209.859009
   223	1000000005209.776245
   224	1000000005209.687256
   225	1000000005209.592041
   226	1000000005209.498779
   227	1000000005209.408569
   228	1000000005209.317749
   229	1000000005209.223755
   230	1000000005209.117676
   231	1000000005209.022339
   232	1000000005208.921875
   233	1000000005208.811401
   234	1000000005208.711914
   235	1000000005208.594116
   236	1000000005208.497559
   237	1000000005208.399170
   238	1000000005208.301880
   239	1000000005208.206421
   240	1000000005208.108765
   241	1000000005208.014404
   242	1000000005207.929565
   243	1000000005207.843140
   244	1000000005207.757690
   245	1000000005207.664185
   246	1000000005207.569336
   247	1000000005207.497925
   248	1000000005207.408081
   249	1000000005207.333496
   250	1000000005207.246704
   251	1000000005207.154785
   252	1000000005207.059326
   253	1000000005206.967651
   254	1000000005206.864990
   255	1000000005206.784180
   256	1000000005206.684204
   257	1000000005206.597900
   258	1000000005206.502686
   259	1000000005206.403931
   260	1000000005206.312500
   261	1000000005206.200439
   262	1000000005206.077515
   263	1000000005205.972046
   264	1000000005205.856079
   265	1000000005205.735229
   266	1000000005205.605225
   267	1000000005205.474976
   268	1000000005205.350220
   269	1000000005205.223755
   270	1000000005205.100464
   271	1000000005204.986450
   272	1000000005204.878540
   273	1000000005204.759766
   274	1000000005204.656006
   275	1000000005204.537231
   276	1000000005204.431274
   277	1000000005204.319946
   278	1000000005204.239990
   279	1000000005204.156616
   280	1000000005204.067871
   281	1000000005203.978760
   282	1000000005203.887695
   283	1000000005203.790649
   284	1000000005203.698730
   285	1000000005203.602295
   286	1000000005203.523804
   287	1000000005203.441284
   288	1000000005203.349976
   289	1000000005203.264160
   290	1000000005203.192505
   291	1000000005203.110229
   292	1000000005203.027344
   293	1000000005202.943481
   294	1000000005202.872314
   295	1000000005202.796509
   296	1000000005202.732544
   297	1000000005202.664429
   298	1000000005202.592651
   299	1000000005202.509399
   300	1000000005202.426514
   301	1000000005202.346436
   302	1000000005202.264526
   303	1000000005202.174805
   304	1000000005202.088745
   305	1000000005202.013550
   306	1000000005201.939941
   307	1000000005201.858521
   308	1000000005201.780640
   309	1000000005201.702881
   310	1000000005201.626221
   311	1000000005201.537964
   312	1000000005201.454590
   313	1000000005201.363770
   314	1000000005201.272095
   315	1000000005201.182251
   316	1000000005201.076294
   317	1000000005200.966675
   318	1000000005200.869141
   319	1000000005200.754639
   320	1000000005200.652954
   321	1000000005200.563721
   322	1000000005200.479736
   323	1000000005200.393921
   324	1000000005200.314575
   325	1000000005200.220459
   326	1000000005200.134644
   327	1000000005200.042725
   328	1000000005199.966675
   329	1000000005199.890869
   330	1000000005199.809326
   331	1000000005199.739136
   332	1000000005199.678711
   333	1000000005199.605469
   334	1000000005199.535645
   335	1000000005199.469116
   336	1000000005199.402954
   337	1000000005199.327759
   338	1000000005199.257446
   339	1000000005199.188110
   340	1000000005199.113525
   341	1000000005199.032104
   342	1000000005198.955444
   343	1000000005198.887695
   344	1000000005198.820679
   345	1000000005198.745605
   346	1000000005198.683594
   347	1000000005198.621216
   348	1000000005198.558960
   349	1000000005198.500366
   350	1000000005198.451660
   351	1000000005198.398315
   352	1000000005198.340576
   353	1000000005198.277344
   354	1000000005198.216919
   355	1000000005198.140259
   356	1000000005198.064819
   357	1000000005197.990601
   358	1000000005197.913086
   359	1000000005197.832520
   360	1000000005197.749390
   361	1000000005197.672729
   362	1000000005197.588745
   363	1000000005197.508911
   364	1000000005197.415649
   365	1000000005197.348755
   366	1000000005197.270020
   367	1000000005197.211670
   368	1000000005197.142456
   369	1000000005197.084595
   370	1000000005197.011475
   371	1000000005196.952759
   372	1000000005196.882446
   373	1000000005196.827759
   374	1000000005196.759766
   375	1000000005196.693970
   376	1000000005196.622681
   377	1000000005196.546265
   378	1000000005196.471680
   379	1000000005196.402954
   380	1000000005196.311401
   381	1000000005196.220581
   382	1000000005196.130371
   383	1000000005196.048950
   384	1000000005195.974365
   385	1000000005195.885864
   386	1000000005195.797974
   387	1000000005195.726685
   388	1000000005195.653564
   389	1000000005195.596436
   390	1000000005195.525024
   391	1000000005195.461914
   392	1000000005195.409424
   393	1000000005195.364014
   394	1000000005195.298950
   395	1000000005195.245239
   396	1000000005195.193726
   397	1000000005195.137329
   398	1000000005195.085571
   399	1000000005195.021240
   400	1000000005194.964844
   401	1000000005194.905151
   402	1000000005194.841675
   403	1000000005194.773071
   404	1000000005194.713989
   405	1000000005194.651489
   406	1000000005194.590820
   407	1000000005194.540894
   408	1000000005194.484375
   409	1000000005194.436035
   410	1000000005194.384644
   411	1000000005194.325806
   412	1000000005194.269531
   413	1000000005194.215210
   414	1000000005194.147461
   415	1000000005194.083130
   416	1000000005194.019775
   417	1000000005193.954346
   418	1000000005193.886230
   419	1000000005193.822266
   420	1000000005193.763184
   421	1000000005193.715820
   422	1000000005193.662476
   423	1000000005193.609619
   424	1000000005193.555054
   425	1000000005193.509644
   426	1000000005193.450195
   427	1000000005193.397949
   428	1000000005193.340820
   429	1000000005193.288086
   430	1000000005193.248901
   431	1000000005193.194824
   432	1000000005193.138550
   433	1000000005193.079834
   434	1000000005193.025024
   435	1000000005192.974609
   436	1000000005192.906860
   437	1000000005192.850464
   438	1000000005192.792236
   439	1000000005192.736816
   440	1000000005192.685181
   441	1000000005192.635010
   442	1000000005192.578369
   443	1000000005192.517700
   444	1000000005192.464966
   445	1000000005192.406006
   446	1000000005192.350464
   447	1000000005192.291016
   448	1000000005192.224976
   449	1000000005192.160034
   450	1000000005192.095215
   451	1000000005192.027710
   452	1000000005191.953369
   453	1000000005191.881470
   454	1000000005191.817139
   455	1000000005191.761719
   456	1000000005191.697266
   457	1000000005191.641846
   458	1000000005191.583496
   459	1000000005191.523804
   460	1000000005191.465454
   461	1000000005191.416626
   462	1000000005191.367554
   463	1000000005191.310791
   464	1000000005191.255981
   465	1000000005191.197144
   466	1000000005191.147339
   467	1000000005191.094360
   468	1000000005191.042969
   469	1000000005190.983276
   470	1000000005190.925049
   471	1000000005190.880981
   472	1000000005190.824585
   473	1000000005190.775024
   474	1000000005190.723999
   475	1000000005190.675415
   476	1000000005190.621094
   477	1000000005190.567261
   478	1000000005190.507935
   479	1000000005190.447266
   480	1000000005190.389526
   481	1000000005190.332764
   482	1000000005190.268799
   483	1000000005190.222656
   484	1000000005190.162964
   485	1000000005190.106689
   486	1000000005190.048096
   487	1000000005189.992065
   488	1000000005189.935425
   489	1000000005189.876709
   490	1000000005189.801514
   491	1000000005189.745239
   492	1000000005189.676514
   493	1000000005189.592896
   494	1000000005189.496094
   495	1000000005189.377319
   496	1000000005189.266235
   497	1000000005189.140991
   498	1000000005189.028931
   499	1000000005188.916016
   500	1000000005188.824829
   501	1000000005188.723145
   502	1000000005188.660034
   503	1000000005188.589600
   504	1000000005188.530396
   505	1000000005188.462524
   506	1000000005188.400024
   507	1000000005188.341309
   508	1000000005188.284424
   509	1000000005188.230225
   510	1000000005188.174561
   511	1000000005188.110474
   512	1000000005188.051636
   513	1000000005187.998535
   514	1000000005187.937134
   515	1000000005187.887939
   516	1000000005187.838745
   517	1000000005187.779541
   518	1000000005187.715576
   519	1000000005187.662720
   520	1000000005187.605591
   521	1000000005187.548096
   522	1000000005187.489746
   523	1000000005187.432129
   524	1000000005187.375366
   525	1000000005187.305664
   526	1000000005187.234009
   527	1000000005187.169189
   528	1000000005187.097656
   529	1000000005187.022949
   530	1000000005186.950806
   531	1000000005186.871094
   532	1000000005186.797729
   533	1000000005186.721436
   534	1000000005186.657104
   535	1000000005186.584106
   536	1000000005186.545410
   537	1000000005186.494019
   538	1000000005186.448364
   539	1000000005186.394409
   540	1000000005186.347900
   541	1000000005186.299194
   542	1000000005186.238159
   543	1000000005186.175781
   544	1000000005186.127930
   545	1000000005186.075684
   546	1000000005186.022949
   547	1000000005185.965210
   548	1000000005185.907715
   549	1000000005185.845581
   550	1000000005185.780151
   551	1000000005185.716919
   552	1000000005185.658936
   553	1000000005185.611694
   554	1000000005185.555054
   555	1000000005185.503174
   556	1000000005185.434326
   557	1000000005185.380859
   558	1000000005185.319214
   559	1000000005185.255005
   560	1000000005185.195679
   561	1000000005185.126465
   562	1000000005185.050659
   563	1000000005184.967041
   564	1000000005184.874390
   565	1000000005184.788940
   566	1000000005184.702026
   567	1000000005184.635376
   568	1000000005184.563965
   569	1000000005184.515381
   570	1000000005184.466919
   571	1000000005184.411499
   572	1000000005184.360474
   573	1000000005184.301880
   574	1000000005184.241699
   575	1000000005184.178955
   576	1000000005184.122925
   577	1000000005184.062744
   578	1000000005184.013794
   579	1000000005183.962769
   580	1000000005183.899414
   581	1000000005183.829346
   582	1000000005183.775024
   583	1000000005183.706421
   584	1000000005183.653076
   585	1000000005183.586426
   586	1000000005183.529419
   587	1000000005183.467285
   588	1000000005183.401611
   589	1000000005183.337769
   590	1000000005183.281250
   591	1000000005183.228760
   592	1000000005183.175781
   593	1000000005183.112061
   594	1000000005183.057129
   595	1000000005183.004639
   596	1000000005182.943970
   597	1000000005182.883301
   598	1000000005182.820190
   599	1000000005182.755981
   600	1000000005182.681885
   601	1000000005182.610840
   602	1000000005182.542969
   603	1000000005182.479980
   604	1000000005182.418701
   605	1000000005182.344116
   606	1000000005182.283325
   607	1000000005182.218384
   608	1000000005182.145264
   609	1000000005182.091919
   610	1000000005182.029541
   611	1000000005181.982056
   612	1000000005181.924194
   613	1000000005181.872681
   614	1000000005181.827759
   615	1000000005181.776245
   616	1000000005181.719971
   617	1000000005181.670166
   618	1000000005181.624756
   619	1000000005181.567505
   620	1000000005181.511719
   621	1000000005181.468994
   622	1000000005181.417480
   623	1000000005181.369141
   624	1000000005181.322754
   625	1000000005181.277100
   626	1000000005181.227539
   627	1000000005181.180420
   628	1000000005181.134644
   629	1000000005181.079346
   630	1000000005181.031616
   631	1000000005180.987671
   632	1000000005180.933716
   633	1000000005180.885010
   634	1000000005180.832031
   635	1000000005180.783569
   636	1000000005180.738159
   637	1000000005180.683594
   638	1000000005180.633789
   639	1000000005180.584961
   640	1000000005180.531616
   641	1000000005180.468994
   642	1000000005180.408936
   643	1000000005180.341064
   644	1000000005180.280396
   645	1000000005180.218140
   646	1000000005180.154541
   647	1000000005180.092529
   648	1000000005180.031616
   649	1000000005179.984985
   650	1000000005179.921509
   651	1000000005179.860596
   652	1000000005179.795166
   653	1000000005179.738770
   654	1000000005179.676025
   655	1000000005179.622559
   656	1000000005179.562866
   657	1000000005179.508179
   658	1000000005179.457275
   659	1000000005179.408081
   660	1000000005179.353394
   661	1000000005179.305054
   662	1000000005179.252930
   663	1000000005179.201050
   664	1000000005179.148071
   665	1000000005179.093140
   666	1000000005179.039185
   667	1000000005178.977539
   668	1000000005178.921875
   669	1000000005178.860840
   670	1000000005178.800171
   671	1000000005178.740845
   672	1000000005178.676514
   673	1000000005178.618164
   674	1000000005178.560669
   675	1000000005178.512939
   676	1000000005178.463989
   677	1000000005178.402466
   678	1000000005178.334106
   679	1000000005178.256714
   680	1000000005178.183594
   681	1000000005178.094971
   682	1000000005178.009644
   683	1000000005177.922729
   684	1000000005177.837036
   685	1000000005177.757935
   686	1000000005177.677856
   687	1000000005177.619141
   688	1000000005177.556030
   689	1000000005177.502441
   690	1000000005177.456421
   691	1000000005177.409790
   692	1000000005177.362915
   693	1000000005177.315674
   694	1000000005177.270020
   695	1000000005177.211060
   696	1000000005177.159546
   697	1000000005177.104004
   698	1000000005177.046021
   699	1000000005176.992920
   700	1000000005176.936279
   701	1000000005176.873535
   702	1000000005176.808105
   703	1000000005176.744995
   704	1000000005176.681030
   705	1000000005176.606689
   706	1000000005176.524536
   707	1000000005176.453979
   708	1000000005176.382935
   709	1000000005176.305176
   710	1000000005176.235596
   711	1000000005176.176514
   712	1000000005176.104004
   713	1000000005176.055786
   714	1000000005175.992920
   715	1000000005175.933960
   716	1000000005175.880859
   717	1000000005175.833496
   718	1000000005175.781250
   719	1000000005175.729736
   720	1000000005175.677856
   721	1000000005175.628906
   722	1000000005175.571655
   723	1000000005175.519531
   724	1000000005175.467529
   725	1000000005175.408325
   726	1000000005175.356689
   727	1000000005175.301025
   728	1000000005175.243164
   729	1000000005175.189209
   730	1000000005175.127930
   731	1000000005175.066650
   732	1000000005175.007935
   733	1000000005174.946899
   734	1000000005174.881470
   735	1000000005174.826416
   736	1000000005174.769165
   737	1000000005174.712036
   738	1000000005174.657104
   739	1000000005174.602539
   740	1000000005174.548096
   741	1000000005174.495361
   742	1000000005174.449585
   743	1000000005174.401001
   744	1000000005174.362549
   745	1000000005174.314941
   746	1000000005174.268555
   747	1000000005174.228760
   748	1000000005174.179321
   749	1000000005174.129639
   750	1000000005174.082031
   751	1000000005174.036255
   752	1000000005173.989746
   753	1000000005173.938354
   754	1000000005173.895996
   755	1000000005173.854370
   756	1000000005173.805420
   757	1000000005173.757080
   758	1000000005173.711426
   759	1000000005173.666870
   760	1000000005173.618530
   761	1000000005173.563110
   762	1000000005173.505981
   763	1000000005173.455444
   764	1000000005173.410034
   765	1000000005173.352905
   766	1000000005173.301636
   767	1000000005173.249756
   768	1000000005173.195801
   769	1000000005173.146606
   770	1000000005173.104614
   771	1000000005173.053711
   772	1000000005173.003906
   773	1000000005172.952759
   774	1000000005172.905884
   775	1000000005172.851196
   776	1000000005172.799316
   777	1000000005172.746094
   778	1000000005172.693970
   779	1000000005172.634399
   780	1000000005172.579224
   781	1000000005172.526489
   782	1000000005172.477661
   783	1000000005172.431519
   784	1000000005172.385864
   785	1000000005172.328979
   786	1000000005172.281494
   787	1000000005172.232910
   788	1000000005172.188599
   789	1000000005172.146606
   790	1000000005172.103516
   791	1000000005172.061035
   792	1000000005172.010864
   793	1000000005171.955444
   794	1000000005171.908936
   795	1000000005171.861816
   796	1000000005171.820435
   797	1000000005171.763306
   798	1000000005171.714600
   799	1000000005171.671631
   800	1000000005171.624146
   801	1000000005171.572144
   802	1000000005171.522461
   803	1000000005171.475220
   804	1000000005171.420776
   805	1000000005171.360474
   806	1000000005171.308350
   807	1000000005171.244019
   808	1000000005171.196411
   809	1000000005171.145630
   810	1000000005171.102295
   811	1000000005171.055786
   812	1000000005171.011475
   813	1000000005170.962769
   814	1000000005170.910889
   815	1000000005170.866699
   816	1000000005170.811035
   817	1000000005170.758789
   818	1000000005170.707520
   819	1000000005170.655151
   820	1000000005170.598511
   821	1000000005170.546021
   822	1000000005170.486816
   823	1000000005170.432129
   824	1000000005170.382690
   825	1000000005170.338135
   826	1000000005170.293945
   827	1000000005170.250854
   828	1000000005170.208130
   829	1000000005170.160889
   830	1000000005170.114014
   831	1000000005170.069946
   832	1000000005170.018921
   833	1000000005169.963501
   834	1000000005169.915039
   835	1000000005169.852539
   836	1000000005169.788086
   837	1000000005169.721924
   838	1000000005169.648926
   839	1000000005169.582886
   840	1000000005169.498535
   841	1000000005169.432495
   842	1000000005169.359619
   843	1000000005169.297241
   844	1000000005169.234009
   845	1000000005169.170654
   846	1000000005169.111694
   847	1000000005169.061890
   848	1000000005169.007690
   849	1000000005168.952271
   850	1000000005168.907349
   851	1000000005168.859985
   852	1000000005168.812866
   853	1000000005168.767456
   854	1000000005168.717651
   855	1000000005168.672241
   856	1000000005168.619995
   857	1000000005168.572754
   858	1000000005168.528564
   859	1000000005168.476685
   860	1000000005168.426636
   861	1000000005168.377441
   862	1000000005168.328979
   863	1000000005168.281250
   864	1000000005168.229736
   865	1000000005168.182495
   866	1000000005168.135010
   867	1000000005168.091675
   868	1000000005168.052734
   869	1000000005168.014160
   870	1000000005167.978516
   871	1000000005167.936035
   872	1000000005167.902100
   873	1000000005167.868164
   874	1000000005167.839966
   875	1000000005167.797485
   876	1000000005167.756226
   877	1000000005167.716431
   878	1000000005167.674316
   879	1000000005167.633545
   880	1000000005167.585571
   881	1000000005167.542236
   882	1000000005167.497070
   883	1000000005167.452881
   884	1000000005167.410034
   885	1000000005167.364624
   886	1000000005167.317139
   887	1000000005167.271240
   888	1000000005167.233154
   889	1000000005167.193970
   890	1000000005167.154785
   891	1000000005167.122070
   892	1000000005167.082764
   893	1000000005167.042969
   894	1000000005167.006714
   895	1000000005166.970459
   896	1000000005166.928955
   897	1000000005166.887695
   898	1000000005166.844360
   899	1000000005166.804321
   900	1000000005166.769409
   901	1000000005166.730835
   902	1000000005166.689575
   903	1000000005166.648315
   904	1000000005166.610229
   905	1000000005166.572144
   906	1000000005166.531006
   907	1000000005166.488770
   908	1000000005166.447510
   909	1000000005166.412476
   910	1000000005166.372681
   911	1000000005166.330811
   912	1000000005166.295410
   913	1000000005166.254395
   914	1000000005166.206299
   915	1000000005166.159790
   916	1000000005166.108521
   917	1000000005166.063599
   918	1000000005166.002441
   919	1000000005165.954956
   920	1000000005165.910156
   921	1000000005165.860474
   922	1000000005165.812744
   923	1000000005165.766846
   924	1000000005165.721191
   925	1000000005165.675171
   926	1000000005165.637695
   927	1000000005165.599121
   928	1000000005165.559204
   929	1000000005165.522461
   930	1000000005165.489990
   931	1000000005165.456299
   932	1000000005165.427124
   933	1000000005165.393921
   934	1000000005165.365845
   935	1000000005165.334106
   936	1000000005165.298950
   937	1000000005165.268555
   938	1000000005165.229736
   939	1000000005165.192871
   940	1000000005165.157959
   941	1000000005165.107056
   942	1000000005165.062134
   943	1000000005165.022095
   944	1000000005164.986206
   945	1000000005164.948120
   946	1000000005164.908325
   947	1000000005164.863770
   948	1000000005164.821899
   949	1000000005164.778931
   950	1000000005164.744141
   951	1000000005164.705444
   952	1000000005164.668945
   953	1000000005164.630981
   954	1000000005164.596924
   955	1000000005164.565674
   956	1000000005164.533325
   957	1000000005164.495850
   958	1000000005164.464355
   959	1000000005164.433594
   960	1000000005164.396606
   961	1000000005164.359619
   962	1000000005164.320679
   963	1000000005164.285645
   964	1000000005164.242676
   965	1000000005164.205566
   966	1000000005164.168579
   967	1000000005164.139160
   968	1000000005164.111206
   969	1000000005164.077026
   970	1000000005164.041016
   971	1000000005164.001099
   972	1000000005163.967529
   973	1000000005163.931030
   974	1000000005163.901855
   975	1000000005163.871826
   976	1000000005163.837891
   977	1000000005163.805664
   978	1000000005163.768066
   979	1000000005163.739990
   980	1000000005163.710449
   981	1000000005163.681274
   982	1000000005163.651489
   983	1000000005163.614990
   984	1000000005163.584839
   985	1000000005163.551880
   986	1000000005163.521484
   987	1000000005163.493530
   988	1000000005163.457886
   989	1000000005163.429199
   990	1000000005163.394409
   991	1000000005163.354370
   992	1000000005163.322510
   993	1000000005163.294434
   994	1000000005163.265869
   995	1000000005163.232300
   996	1000000005163.200439
   997	1000000005163.167236
   998	1000000005163.132324
   999	1000000005163.096924
  1000	1000000005163.066406
  1001	1000000005163.040894
  1002	1000000005163.018799
  1003	1000000005162.994995
  1004	1000000005162.973511
  1005	1000000005162.948730
  1006	1000000005162.922729
  1007	1000000005162.894775
  1008	1000000005162.863525
  1009	1000000005162.840454
  1010	1000000005162.816406
  1011	1000000005162.793091
  1012	1000000005162.766846
  1013	1000000005162.742554
  1014	1000000005162.719604
  1015	1000000005162.691040
  1016	1000000005162.663574
  1017	1000000005162.641846
  1018	1000000005162.610596
  1019	1000000005162.579956
  1020	1000000005162.545654
  1021	1000000005162.516846
  1022	1000000005162.484741
  1023	1000000005162.449829
  1024	1000000005162.417725
  1025	1000000005162.388550
  1026	1000000005162.357910
  1027	1000000005162.324341
  1028	1000000005162.287231
  1029	1000000005162.252686
  1030	1000000005162.224976
  1031	1000000005162.194580
  1032	1000000005162.166626
  1033	1000000005162.139526
  1034	1000000005162.111084
  1035	1000000005162.083374
  1036	1000000005162.048584
  1037	1000000005162.017700
  1038	1000000005161.982056
  1039	1000000005161.951660
  1040	1000000005161.920654
  1041	1000000005161.894531
  1042	1000000005161.867554
  1043	1000000005161.839355
  1044	1000000005161.814331
  1045	1000000005161.788086
  1046	1000000005161.767334
  1047	1000000005161.740845
  1048	1000000005161.713745
  1049	1000000005161.684204
  1050	1000000005161.652954
  1051	1000000005161.617310
  1052	1000000005161.582031
  1053	1000000005161.547241
  1054	1000000005161.512695
  1055	1000000005161.484131
  1056	1000000005161.450195
  1057	1000000005161.425659
  1058	1000000005161.401001
  1059	1000000005161.372925
  1060	1000000005161.347656
  1061	1000000005161.318726
  1062	1000000005161.295410
  1063	1000000005161.272949
  1064	1000000005161.252930
  1065	1000000005161.231689
  1066	1000000005161.208984
  1067	1000000005161.188354
  1068	1000000005161.162231
  1069	1000000005161.138550
  1070	1000000005161.111816
  1071	1000000005161.087036
  1072	1000000005161.063965
  1073	1000000005161.036499
  1074	1000000005161.011841
  1075	1000000005160.984009
  1076	1000000005160.956421
  1077	1000000005160.935059
  1078	1000000005160.913086
  1079	1000000005160.889526
  1080	1000000005160.872559
  1081	1000000005160.850830
  1082	1000000005160.829956
  1083	1000000005160.812256
  1084	1000000005160.796631
  1085	1000000005160.779419
  1086	1000000005160.758301
  1087	1000000005160.741821
  1088	1000000005160.719360
  1089	1000000005160.698120
  1090	1000000005160.675659
  1091	1000000005160.650635
  1092	1000000005160.633301
  1093	1000000005160.618286
  1094	1000000005160.598755
  1095	1000000005160.579590
  1096	1000000005160.564209
  1097	1000000005160.545044
  1098	1000000005160.522705
  1099	1000000005160.500366
  1100	1000000005160.477661
  1101	1000000005160.458740
  1102	1000000005160.438110
  1103	1000000005160.418579
  1104	1000000005160.398071
  1105	1000000005160.374146
  1106	1000000005160.356079
  1107	1000000005160.335449
  1108	1000000005160.309570
  1109	1000000005160.288330
  1110	1000000005160.264526
  1111	1000000005160.246094
  1112	1000000005160.227539
  1113	1000000005160.208374
  1114	1000000005160.191040
  1115	1000000005160.174561
  1116	1000000005160.155884
  1117	1000000005160.138794
  1118	1000000005160.119385
  1119	1000000005160.096436
  1120	1000000005160.080200
  1121	1000000005160.063110
  1122	1000000005160.044434
  1123	1000000005160.029541
  1124	1000000005160.012329
  1125	1000000005159.998169
  1126	1000000005159.982910
  1127	1000000005159.965210
  1128	1000000005159.949219
  1129	1000000005159.935425
  1130	1000000005159.923584
  1131	1000000005159.910645
  1132	1000000005159.898804
  1133	1000000005159.882446
  1134	1000000005159.869629
  1135	1000000005159.854004
  1136	1000000005159.840576
  1137	1000000005159.824341
  1138	1000000005159.812744
  1139	1000000005159.799194
  1140	1000000005159.783691
  1141	1000000005159.768311
  1142	1000000005159.756470
  1143	1000000005159.744019
  1144	1000000005159.734009
  1145	1000000005159.719849
  1146	1000000005159.712036
  1147	1000000005159.698975
  1148	1000000005159.683594
  1149	1000000005159.671021
  1150	1000000005159.658081
  1151	1000000005159.648804
  1152	1000000005159.636230
  1153	1000000005159.624756
  1154	1000000005159.612549
  1155	1000000005159.597656
  1156	1000000005159.582886
  1157	1000000005159.568359
  1158	1000000005159.549561
  1159	1000000005159.535889
  1160	1000000005159.516724
  1161	1000000005159.501465
  1162	1000000005159.484009
  1163	1000000005159.470825
  1164	1000000005159.450806
  1165	1000000005159.434326
  1166	1000000005159.419434
  1167	1000000005159.406860
  1168	1000000005159.390625
  1169	1000000005159.378906
  1170	1000000005159.370850
  1171	1000000005159.358154
  1172	1000000005159.353760
  1173	1000000005159.340576
  1174	1000000005159.331055
  1175	1000000005159.321289
  1176	1000000005159.311401
  1177	1000000005159.301880
  1178	1000000005159.291504
  1179	1000000005159.280640
  1180	1000000005159.272461
  1181	1000000005159.261841
  1182	1000000005159.253174
  1183	1000000005159.243774
  1184	1000000005159.231079
  1185	1000000005159.221069
  1186	1000000005159.213135
  1187	1000000005159.203369
  1188	1000000005159.193481
  1189	1000000005159.183716
  1190	1000000005159.173584
  1191	1000000005159.166504
  1192	1000000005159.158325
  1193	1000000005159.148804
  1194	1000000005159.139160
  1195	1000000005159.133545
  1196	1000000005159.124756
  1197	1000000005159.114746
  1198	1000000005159.103516
  1199	1000000005159.092285
  1200	1000000005159.081909
  1201	1000000005159.071899
  1202	1000000005159.063721
  1203	1000000005159.056274
  1204	1000000005159.046509
  1205	1000000005159.040039
  1206	1000000005159.030884
  1207	1000000005159.024170
  1208	1000000005159.019775
  1209	1000000005159.012329
  1210	1000000005159.004639
  1211	1000000005158.997559
  1212	1000000005158.988770
  1213	1000000005158.982056
  1214	1000000005158.977539
  1215	1000000005158.971924
  1216	1000000005158.964966
  1217	1000000005158.959351
  1218	1000000005158.954956
  1219	1000000005158.949219
  1220	1000000005158.944336
  1221	1000000005158.939209
  1222	1000000005158.932129
  1223	1000000005158.929321
  1224	1000000005158.926270
  1225	1000000005158.926025
  1226	1000000005158.917480
  1227	1000000005158.914185
  1228	1000000005158.913086
  1229	1000000005158.907349
  1230	1000000005158.905884
  1231	1000000005158.897949
  1232	1000000005158.895874
  1233	1000000005158.895020
  1234	1000000005158.890015
  1235	1000000005158.882690
  1236	1000000005158.877686
  1237	1000000005158.873169
  1238	1000000005158.871704
  1239	1000000005158.869141
  1240	1000000005158.868774
  1241	1000000005158.867310
  1242	1000000005158.863159
  1243	1000000005158.861450
  1244	1000000005158.854614
  1245	1000000005158.848145
  1246	1000000005158.846436
  1247	1000000005158.844604
  1248	1000000005158.842285
  1249	1000000005158.840210
  1250	1000000005158.837280
  1251	1000000005158.837769
  1252	1000000005158.836060
  1253	1000000005158.836304
  1254	1000000005158.833740
  1255	1000000005158.830200
  1256	1000000005158.828491
  1257	1000000005158.827026
  1258	1000000005158.824585
  1259	1000000005158.820190
  1260	1000000005158.818481
  1261	1000000005158.816406
  1262	1000000005158.818359
  1263	1000000005158.816895
  1264	1000000005158.817505
  1265	1000000005158.816284
  1266	1000000005158.814941
  1267	1000000005158.814575
  1268	1000000005158.815674
  1269	1000000005158.813599
  1270	1000000005158.811401
  1271	1000000005158.810791
  1272	1000000005158.812866
  1273	1000000005158.811890
  1274	1000000005158.811035
  1275	1000000005158.811401
  1276	1000000005158.810669
  1277	1000000005158.809814
  1278	1000000005158.810059
  1279	1000000005158.808594
  1280	1000000005158.807861
  1281	1000000005158.808105
  1282	1000000005158.807861
  1283	1000000005158.806885
  1284	1000000005158.804321
  1285	1000000005158.803345
  1286	1000000005158.802734
  1287	1000000005158.802246
  1288	1000000005158.800171
  1289	1000000005158.798706
  1290	1000000005158.797119
  1291	1000000005158.797485
  1292	1000000005158.795776
  1293	1000000005158.794434
  1294	1000000005158.794800
  1295	1000000005158.795044
  1296	1000000005158.794189
  1297	1000000005158.792969
  1298	1000000005158.793091
  1299	1000000005158.791870
  1300	1000000005158.791870
  1301	1000000005158.793579
  1302	1000000005158.793335
  1303	1000000005158.793579
  1304	1000000005158.792236
  1305	1000000005158.790894
  1306	1000000005158.791626
  1307	1000000005158.792480
  1308	1000000005158.792480
  1309	1000000005158.792114
  1310	1000000005158.792114
  1311	1000000005158.791870
  1312	1000000005158.790894
  1313	1000000005158.788940
  1314	1000000005158.790161
  1315	1000000005158.790649
  1316	1000000005158.790894
  1317	1000000005158.792969
  1318	1000000005158.792480
  1319	1000000005158.792969
  1320	1000000005158.792725
  1321	1000000005158.791626
  1322	1000000005158.791260
  1323	1000000005158.792114
  1324	1000000005158.791260
  1325	1000000005158.791260
  1326	1000000005158.791504
  1327	1000000005158.792480
  1328	1000000005158.790405
  1329	1000000005158.790649
  1330	1000000005158.790649
  1331	1000000005158.790649
  1332	1000000005158.792236
  1333	1000000005158.792725
  1334	1000000005158.791260
  1335	1000000005158.791016
  1336	1000000005158.791504
  1337	1000000005158.790405
  1338	1000000005158.790161
  1339	1000000005158.789429
  1340	1000000005158.790649
  1341	1000000005158.791260
  1342	1000000005158.792114
  1343	1000000005158.792114
  1344	1000000005158.791626
  1345	1000000005158.790894
  1346	1000000005158.788940
  1347	1000000005158.789795
  1348	1000000005158.791870
  1349	1000000005158.790894
  1350	1000000005158.791016
  1351	1000000005158.792480
  1352	1000000005158.791870
  1353	1000000005158.790649
  1354	1000000005158.790405
  1355	1000000005158.789795
  1356	1000000005158.790894
  1357	1000000005158.791016
  1358	1000000005158.791016
  1359	1000000005158.791504
  1360	1000000005158.790405
  1361	1000000005158.792236
  1362	1000000005158.790649
  1363	1000000005158.791016
  1364	1000000005158.790894
  1365	1000000005158.791626
  1366	1000000005158.791870
  1367	1000000005158.790649
  1368	1000000005158.792114
  1369	1000000005158.791260
  1370	1000000005158.790649
  1371	1000000005158.792236
  1372	1000000005158.791016
  1373	1000000005158.789795
  1374	1000000005158.790161
  1375	1000000005158.791260
  1376	1000000005158.790649
  1377	1000000005158.791260
  1378	1000000005158.789795
  1379	1000000005158.790649
  1380	1000000005158.792236
  1381	1000000005158.791626
  1382	1000000005158.791260
  1383	1000000005158.789551
  1384	1000000005158.790405
  1385	1000000005158.789185
  1386	1000000005158.789795
  1387	1000000005158.790894
  1388	1000000005158.790649
  1389	1000000005158.789795
  1390	1000000005158.791260
  1391	1000000005158.789795
  1392	1000000005158.788940
  1393	1000000005158.790405
  1394	1000000005158.791260
  1395	1000000005158.791870
  1396	1000000005158.790039
  1397	1000000005158.789795
  1398	1000000005158.790405
  1399	1000000005158.791260
  1400	1000000005158.789795
  1401	1000000005158.789429
  1402	1000000005158.788940
  1403	1000000005158.789185
  1404	1000000005158.790894
  1405	1000000005158.790405
  1406	1000000005158.788574
  1407	1000000005158.788574
  1408	1000000005158.789185
  1409	1000000005158.788696
  1410	1000000005158.790405
  1411	1000000005158.790405
  1412	1000000005158.791016
  1413	1000000005158.790039
  1414	1000000005158.789185
  1415	1000000005158.789429
  1416	1000000005158.791260
  1417	1000000005158.791260
  1418	1000000005158.790894
  1419	1000000005158.790161
  1420	1000000005158.791260
  1421	1000000005158.792480
  1422	1000000005158.792114
  1423	1000000005158.790161
  1424	1000000005158.790161
  1425	1000000005158.790649
  1426	1000000005158.791260
  1427	1000000005158.791260
  1428	1000000005158.791504
  1429	1000000005158.791870
  1430	1000000005158.791504
  1431	1000000005158.791504
  1432	1000000005158.790649
  1433	1000000005158.790649
  1434	1000000005158.790161
  1435	1000000005158.791016
  1436	1000000005158.791870
  1437	1000000005158.791626
  1438	1000000005158.791260
  1439	1000000005158.789795
  1440	1000000005158.790405
  1441	1000000005158.791016
  1442	1000000005158.789551
  1443	1000000005158.790649
  1444	1000000005158.790649
  1445	1000000005158.790405
  1446	1000000005158.791626
  1447	1000000005158.790405
  1448	1000000005158.791870
  1449	1000000005158.789551
  1450	1000000005158.791016
  1451	1000000005158.791016
  1452	1000000005158.790894
  1453	1000000005158.790649
  1454	1000000005158.791626
  1455	1000000005158.791016
  1456	1000000005158.790649
  1457	1000000005158.790894
  1458	1000000005158.790649
  1459	1000000005158.790894
  1460	1000000005158.790039
  1461	1000000005158.790649
  1462	1000000005158.790649
  1463	1000000005158.790894
  1464	1000000005158.789185
  1465	1000000005158.788696
  1466	1000000005158.791016
  1467	1000000005158.791626
  1468	1000000005158.792480
  1469	1000000005158.790161
  1470	1000000005158.789795
  1471	1000000005158.788940
  1472	1000000005158.790405
  1473	1000000005158.790649
  1474	1000000005158.791016
  1475	1000000005158.791016
  1476	1000000005158.791870
  1477	1000000005158.792114
  1478	1000000005158.791870
  1479	1000000005158.791016
  1480	1000000005158.790894
  1481	1000000005158.791260
  1482	1000000005158.791016
  1483	1000000005158.790649
  1484	1000000005158.788696
  1485	1000000005158.790649
  1486	1000000005158.790039
  1487	1000000005158.790161
  1488	1000000005158.791626
  1489	1000000005158.791260
  1490	1000000005158.790649
  1491	1000000005158.790161
  1492	1000000005158.791870
  1493	1000000005158.791504
  1494	1000000005158.790894
  1495	1000000005158.790649
  1496	1000000005158.789551
  1497	1000000005158.788696
  1498	1000000005158.790039
  1499	1000000005158.791504
  1500	1000000005158.791016
  1501	1000000005158.790894
  1502	1000000005158.790161
  1503	1000000005158.790405
  1504	1000000005158.789551
  1505	1000000005158.789185
  1506	1000000005158.788696
  1507	1000000005158.790894
  1508	1000000005158.789551
  1509	1000000005158.790894
  1510	1000000005158.789795
  1511	1000000005158.789429
  1512	1000000005158.790649
  1513	1000000005158.790894
  1514	1000000005158.791016
  1515	1000000005158.791626
  1516	1000000005158.790405
  1517	1000000005158.791016
  1518	1000000005158.791626
  1519	1000000005158.791016
  1520	1000000005158.790039
  1521	1000000005158.790649
  1522	1000000005158.789795
  1523	1000000005158.791504
  1524	1000000005158.790649
  1525	1000000005158.791260
  1526	1000000005158.789429
  1527	1000000005158.790894
  1528	1000000005158.791626
  1529	1000000005158.791870
  1530	1000000005158.791504
  1531	1000000005158.790894
  1532	1000000005158.789185
  1533	1000000005158.790894
  1534	1000000005158.791626
  1535	1000000005158.791504
  1536	1000000005158.789429
  1537	1000000005158.788696
  1538	1000000005158.790405
  1539	1000000005158.791870
  1540	1000000005158.790649
  1541	1000000005158.791016
  1542	1000000005158.791870
  1543	1000000005158.790039
  1544	1000000005158.790405
  1545	1000000005158.790161
  1546	1000000005158.790649
  1547	1000000005158.790039
  1548	1000000005158.791504
  1549	1000000005158.790039
  1550	1000000005158.790039
  1551	1000000005158.790894
  1552	1000000005158.791870
  1553	1000000005158.791260
  1554	1000000005158.791016
  1555	1000000005158.790039
  1556	1000000005158.789795
  1557	1000000005158.791504
  1558	1000000005158.791016
  1559	1000000005158.791626
  1560	1000000005158.790405
  1561	1000000005158.792236
  1562	1000000005158.790161
  1563	1000000005158.789185
  1564	1000000005158.789795
  1565	1000000005158.789551
  1566	1000000005158.790649
  1567	1000000005158.790405
  1568	1000000005158.790894
  1569	1000000005158.790894
  1570	1000000005158.790649
  1571	1000000005158.789429
  1572	1000000005158.789795
  1573	1000000005158.789551
  1574	1000000005158.791260
  1575	1000000005158.791260
  1576	1000000005158.790039
  1577	1000000005158.789551
  1578	1000000005158.791016
  1579	1000000005158.793579
  1580	1000000005158.790039
  1581	1000000005158.788940
  1582	1000000005158.789795
  1583	1000000005158.789551
  1584	1000000005158.790894
  1585	1000000005158.790894
  1586	1000000005158.791016
  1587	1000000005158.791504
  1588	1000000005158.790894
  1589	1000000005158.791870
  1590	1000000005158.789795
  1591	1000000005158.791626
  1592	1000000005158.791016
  1593	1000000005158.790894
  1594	1000000005158.792236
  1595	1000000005158.791504
  1596	1000000005158.791626
  1597	1000000005158.790161
  1598	1000000005158.791504
  1599	1000000005158.791626
  1600	1000000005158.791626
