2.230618
-4.835738
7.385868
-2.306820
5.946909
0.258739
4.400772
0.970812
4.877230
1.265940
1.571335
5.887413
2.904026
3.615302
-2.611551
6.964846
5.037693
-3.704003
-3.104381
-1.676942
2.783200
-2.780219
3.641209
5.210322
6.481878
1.930679
-2.782874
2.468321
3.486475
-3.857243
4.313330
7.469535
3.624562
3.827703
-3.535964
4.853297
5.838190
-2.747089
-0.940814
4.636976
4.099694
2.331262
3.235587
8.960362
7.282302
-7.107376
-2.579509
5.118822
2.906985
-2.813550
4.956672
-4.513155
6.320843
-1.513587
-3.831617
4.561061
1.863886
-3.326395
5.510622
-2.766769
6.327436
3.407515
-1.328142
-2.075764
-2.097050
1.880550
2.653928
2.797224
3.411954
-1.649921
7.982176
7.767117
2.938620
0.898264
4.676359
3.658353
5.951264
4.869119
6.178169
9.078667
3.066184
4.681506
3.718404
2.099748
2.510372
5.743429
-5.889526
-3.911747
-3.523074
1.310472
-2.626244
4.366503
-5.028793
5.343304
-2.474007
6.411437
-1.219546
4.564478
8.266719
-2.718295
-2.015429
0.842084
-4.960592
-3.447511
3.333040
3.156808
-3.172926
5.882278
4.847379
-3.404006
1.916922
3.458395
-4.141739
-2.486245
3.782899
5.705491
-3.575480
3.889193
5.495639
1.949345
6.834569
-3.795265
3.816401
-2.012870
2.628757
4.632622
1.890330
1.200679
3.606413
2.357619
-4.045867
6.087479
3.950282
-4.446995
3.529148
2.313402
-3.657375
1.136571
-0.700711
4.438955
6.235496
6.383861
6.068500
2.095463
3.409945
4.664365
6.685118
3.502583
1.744791
-3.220169
5.085889
-3.402488
3.163553
2.925261
4.535919
2.379865
4.497610
3.176929
7.273706
2.875894
5.670952
8.276121
2.423682
2.905410
-5.289566
1.156630
3.327367
4.112269
4.114009
3.996657
-4.091285
5.401791
4.346643
2.339960
8.444321
-0.341267
-4.371726
-2.988482
4.042014
6.062417
5.636660
3.171243
-2.941824
-1.205145
-2.927153
1.704054
2.243910
-1.781851
-3.593815
-0.806278
4.477136
-1.725727
4.479327
-3.393692
5.878046
6.817058
4.670676
7.201076
-2.994181
-0.888015
-2.672330
8.207699
3.878937
5.100300
-3.025830
4.947102
-3.975161
4.731121
1.194824
3.134478
-4.980001
7.277825
-1.073525
6.766772
1.271396
-4.014848
7.636904
-1.125609
2.741666
0.738105
2.416089
2.737506
-5.847470
-1.131728
0.333328
4.579740
3.026745
-1.215209
-5.126526
-3.633672
7.084499
-2.848268
4.341132
4.976126
3.852927
2.250204
-0.889437
-3.567035
7.528108
3.187970
2.422280
-2.685955
-4.711462
2.811420
5.306345
-3.566587
-0.893086
-4.420262
-3.013877
-0.823115
3.431379
1.777855
-3.559445
2.792700
7.751588
5.084539
-0.265499
3.670872
3.052498
-0.926234
0.053643
1.737257
1.735089
5.327949
6.117343
-5.676940
-3.353232
3.464422
-3.469032
3.401942
5.454608
2.285858
4.060778
6.591306
-3.303777
-2.345183
5.581688
6.891261
4.438359
5.518948
-3.491835
2.746894
5.077062
6.841228
2.390399
1.295047
3.707771
4.347834
3.089190
5.229586
3.332894
7.965570
4.735989
-4.541499
4.908323
-2.085701
-2.623068
3.369864
5.769667
5.716012
4.395197
3.874779
1.858780
-4.293358
-1.462361
-2.779018
-0.802052
5.137036
1.554574
4.855938
3.737921
3.717736
6.782779
1.524486
3.147207
1.606952
1.396534
7.021495
1.966666
2.891143
3.813705
-2.391554
-3.292787
3.601938
-5.563223
-1.476801
-3.649109
3.616010
-1.692271
-1.018851
5.246492
4.758031
6.695789
-1.208793
2.061516
-0.395594
3.615190
4.278257
-4.650230
-3.322487
0.911943
2.298815
2.811001
3.969872
-2.013543
5.908156
1.432694
-2.935556
7.025693
1.619233
-3.506528
2.186647
-3.683963
-2.805769
3.624441
-4.643136
3.629461
4.789454
-3.668885
3.990991
3.876916
2.528738
4.928403
-4.033681
2.001506
-2.872298
5.769208
3.316907
3.618342
7.757966
1.789112
1.363547
-2.190887
2.325822
3.376972
4.103628
-2.500069
-3.431958
-3.844565
6.285387
6.115108
1.404409
-1.318367
3.324010
2.288487
6.193418
-3.139752
-1.940380
1.500911
3.970689
-3.919710
4.632221
-3.698767
3.127431
-1.927774
2.259679
2.056374
-1.963443
-2.695917
-2.523693
-4.620886
-3.011509
7.649028
-2.284302
5.380171
3.405262
6.311993
4.126483
-3.630776
4.890783
6.864968
4.995445
5.486292
3.473939
5.014248
0.623279
1.767597
-3.011443
-1.559740
-3.655122
-1.264780
5.958935
5.600587
7.092934
2.165019
4.951224
5.911173
5.669420
-1.528004
4.381759
1.757879
-3.119305
-0.050366
2.664239
4.285006
6.894339
4.759680
5.218003
-2.406554
3.322181
6.516640
-4.032788
2.494564
-3.808028
-2.597614
5.917223
2.846065
-1.496629
3.001347
-5.123793
2.093945
-2.055448
3.490477
2.907694
4.621574
2.625386
-4.087416
3.535512
-4.639315
-1.867204
6.298549
4.364321
5.134771
4.155543
-4.385468
7.378891
-2.316187
-0.732552
1.237308
3.320332
-5.524085
-6.690103
0.371643
-3.877006
5.965631
-2.592186
1.799938
4.621029
2.121441
5.199108
6.665549
1.640817
6.906638
4.251532
3.811079
-3.382672
2.663352
6.384188
2.564586
-0.751932
2.184704
3.956328
6.281351
6.521704
4.779916
-3.805299
-4.055703
-3.819706
1.540840
-5.266545
0.699592
-2.684466
4.023948
-3.625037
2.833801
2.790892
5.146210
-2.438564
-4.199281
-3.854740
-5.054662
4.533113
-3.273416
-1.283845
-3.163629
-4.722405
5.661766
4.835935
2.666054
-3.223115
6.323308
6.750942
-2.075388
-2.693360
3.858465
5.947907
1.764454
7.991665
4.582550
3.775781
-0.876712
-5.045260
-2.806382
-5.071005
-3.370943
-4.365390
3.667780
0.554447
2.251111
4.714476
6.004039
4.330688
-4.598489
4.400256
2.696135
-2.751197
2.084523
3.770708
2.592147
4.951281
-4.841231
1.550785
0.387488
2.347606
-2.561446
-3.787968
3.308083
4.285192
-4.989619
3.853883
-3.994537
3.375781
3.730372
5.395369
2.005192
4.171691
-2.986428
3.953981
-2.803220
-1.838915
2.811226
4.902554
4.704779
-2.398182
-2.616061
7.948539
3.623221
-3.544127
7.823859
5.236598
3.879184
4.171229
3.987035
1.225445
2.045491
-2.970949
-1.840967
6.317636
-3.639234
-2.446711
-5.369664
3.775580
5.256260
-2.261032
6.699166
3.759488
1.538009
9.310742
3.203283
7.192696
2.209335
-4.330930
2.984508
0.015496
-3.478672
-3.305509
0.622866
2.233984
-1.257059
1.980607
5.755774
-3.630834
1.285215
-1.730444
-3.591495
4.395870
5.192604
5.788629
2.471198
0.877470
-3.463036
-2.153653
-2.770835
0.845935
-3.599484
2.410578
-0.731108
2.361712
5.584275
6.036962
2.251839
-3.570068
3.891334
5.509382
2.192711
2.386141
-2.530007
0.849551
-4.233827
0.689789
5.160569
5.230208
-5.551124
-5.136406
0.600755
6.154357
0.908757
3.272613
4.221606
7.224233
5.686800
1.767752
-3.324091
-1.993790
4.933641
-2.117040
-2.303528
-2.898102
-6.536865
-2.171804
-1.170601
5.412318
-3.118159
-2.690766
0.955934
4.122846
3.576965
-1.266322
-1.448718
3.005544
2.385798
-0.296703
4.734401
-3.253275
-3.929692
5.254294
-3.242115
4.267889
3.210128
5.263583
2.446504
6.603646
4.802777
9.162887
6.553566
2.715641
2.223777
3.683394
5.942229
1.540901
7.150325
-3.810776
3.671019
-5.088536
-2.255009
3.615323
-5.035652
2.736763
7.175942
1.994796
-4.199611
7.016235
6.017325
-2.364051
7.712673
-5.300152
-2.872298
2.816044
5.310052
3.702825
3.138403
-3.050594
3.580624
3.410381
2.359168
-2.646214
4.884381
-0.921130
-4.178819
5.802325
5.641921
-2.493009
5.861966
3.645357
5.649264
7.341551
-0.072274
7.370566
-1.849293
4.229232
6.671749
4.026922
6.955610
4.933201
4.750397
5.781307
2.122938
-0.943697
-3.384695
2.320711
9.357614
-1.380798
-1.098010
3.148881
4.939261
5.193223
3.273779
-3.129892
-2.577699
4.946698
-0.858141
3.193242
-1.644683
6.053369
-1.516030
0.560158
-2.526378
5.453239
5.684617
1.727446
-0.902669
4.762308
4.907500
-4.200269
6.859786
-6.048155
-3.646272
-1.980151
2.360534
2.854378
3.539959
8.266978
-3.295720
7.083540
4.572262
-2.768952
-4.118068
3.687410
-3.924005
2.782544
-5.056951
5.787928
3.513658
-3.200714
5.192561
-2.571560
3.128275
-3.207178
7.336607
-1.647216
5.192779
2.125354
-1.737278
1.026155
3.649549
3.824177
3.902644
4.048366
-2.686494
6.666617
0.321855
5.589740
-0.351934
5.199515
1.048585
-5.171956
-2.451249
2.399305
3.733554
2.327813
-4.203163
-0.222318
6.131665
3.368035
2.440192
5.490977
0.439661
6.603497
6.216478
0.757634
-3.619017
4.223358
4.281030
1.996786
1.074998
3.230567
0.765755
-3.131646
3.368018
2.462257
4.749032
-4.429351
3.027774
2.213179
0.648433
2.214600
-4.298549
-4.834452
2.383425
4.630889
6.198399
7.509660
-2.525937
-4.531833
5.352574
-0.179001
0.913920
4.750924
3.489453
4.170962
1.872059
2.715361
-4.013778
6.676021
1.274634
3.579786
4.118851
4.390374
2.706686
-3.114927
7.455864
2.513199
4.974476
-3.306912
-2.643057
4.295150
3.654898
1.137862
6.114269
-2.820217
5.630042
2.172810
7.472296
5.081661
1.786490
2.354084
4.488215
5.331835
-1.528152
-1.420092
4.612695
-2.125109
3.835885
3.880736
5.801021
2.042877
-4.061343
3.942728
1.356573
-0.063242
4.191417
-2.318434
2.799761
-3.502225
-3.427841
8.142786
4.377758
6.900729
-4.714368
-2.847382
2.152653
7.175712
6.049591
4.426790
6.002772
6.419366
-3.937638
-4.764218
2.592773
-0.432900
-4.694325
0.962009
-1.580532
5.319771
2.098962
5.736984
4.240974
-2.599498
-3.299473
4.336664
5.223470
1.909507
7.571446
-1.947161
-3.998828
3.635045
1.539893
-0.711370
-3.539985
2.471636
3.715407
0.796309
3.687404
2.991550
2.200816
5.883695
-3.875123
-3.839867
3.745533
5.949902
2.467661
2.255603
3.897195
4.489940
3.201211
1.478965
-3.114683
-3.006338
4.972995
-1.423302
7.063395
3.166066
-5.394546
4.845396
4.859635
2.331960
0.875093
7.532339
-3.346534
-4.553664
9.174283
6.039483
6.822399
-2.731485
8.087800
-4.562496
3.561459
3.189701
7.966145
2.390285
0.831067
9.132549
-4.352311
-2.217893
5.451896
2.464941
4.902978
3.610126
0.775332
-3.279155
3.418550
3.318537
4.241441
-3.980359
7.437557
3.835571
4.501569
8.351953
7.075013
-0.410137
5.448701
7.137253
4.496810
3.753224
4.447000
3.327324
6.166559
3.908202
2.551984
-5.020274
-5.485360
2.302955
-2.694225
7.465256
-3.814472
7.164977
3.357413
-3.936276
5.617584
5.309832
5.846777
3.627357
-1.726791
-4.031787
-4.671376
-0.789596
2.206144
2.068150
2.978176
-0.643725
7.485343
4.245454
2.001365
-1.387192
3.584127
6.265041
-3.829126
-3.117524
1.664027
3.526871
-0.840617
5.424351
3.379377
-2.537585
-2.885842
3.022613
-6.332723
-0.480981
3.272183
-4.551406
-3.257340
-1.973946
-3.958276
-3.009123
-1.666703
3.880542
-3.528181
-1.599123
0.132791
3.778358
-2.599618
-3.564479
2.684978
5.552766
4.940181
-1.548990
4.252631
6.253740
6.890820
2.170089
4.382155
-1.864977
-4.701339
-3.086731
-3.016399
-5.396180
4.059583
-4.147370
5.375471
-2.495731
-6.230878
-2.213678
2.779501
-3.140043
6.671318
6.343912
8.050432
-2.789979
-1.686460
3.108948
1.803484
3.614818
6.327534
-1.360459
1.995855
0.987896
5.748130
7.665958
-4.855466
-3.823595
-1.650088
-4.347680
3.361843
4.163456
3.320560
-1.815721
4.611925
4.194370
3.625166
-1.850402
-3.940478
6.292512
7.469219
3.779906
2.855657
-1.233890
3.290453
3.278423
1.102268
3.646084
5.128566
4.377514
-2.920535
4.938848
-5.816966
-2.817765
5.693117
4.098576
4.754257
-2.389305
-0.690071
4.066549
4.138891
1.350355
3.941944
2.427032
2.915939
-3.716449
-4.573994
9.037143
3.847561
1.641720
-4.577358
3.759625
0.595809
4.685437
5.106294
-3.381575
2.820379
5.165815
6.330220
4.486151
-3.636982
2.335155
-6.449418
1.581512
4.276303
-5.222627
1.528131
2.077150
-3.127924
-2.156406
-5.151837
-1.722174
3.430898
2.961618
-3.383293
-0.489916
-1.424124
-2.970564
6.595585
5.179437
-5.133046
4.730428
-4.773338
4.346058
2.726036
6.792761
-1.962781
-4.109177
2.656549
4.272055
4.635120
0.285091
4.028311
4.458902
-4.324715
-4.297924
-4.123250
4.143515
-0.433945
6.053868
1.357593
4.010343
4.905095
-2.284079
3.554772
1.953490
-3.748559
0.691004
-1.854358
4.917886
-2.540214
2.466560
2.671918
2.268770
4.305540
1.878561
-2.910181
-3.598505
1.329933
5.099913
-4.581697
6.013394
2.894354
3.769228
-1.828187
1.551217
-2.470557
-1.829141
4.879062
6.634662
-4.016119
2.850844
1.369587
3.584357
-3.165369
-3.000271
2.798717
1.633144
-4.325899
-4.342094
-4.302768
4.702472
3.811752
8.355604
3.442440
0.697899
-5.791226
4.706171
3.405557
5.565727
7.003099
3.656951
6.044003
-4.046349
-6.062210
-5.477210
-2.327842
2.970826
5.739831
5.426402
2.809240
3.824613
7.329891
4.557099
3.574846
3.442921
4.171720
-2.205518
-2.034733
-1.927918
3.972627
0.022532
5.590853
4.171701
3.655939
-2.716250
8.801062
4.191576
-3.125371
3.162557
3.832424
-1.133910
4.998486
-2.614897
-4.249785
-3.433518
-4.703011
-3.903645
3.569511
-2.938809
-1.562685
-2.872783
2.940247
3.724747
4.368087
4.401021
5.021475
0.566747
-4.021081
-2.532050
5.220476
-2.021692
-2.348369
4.032943
4.290283
5.269613
2.953892
8.242252
5.726447
-4.015113
4.066438
3.842585
3.474917
2.495919
1.425832
4.304277
0.867605
9.857599
4.545918
5.828959
3.513477
2.305885
2.207881
-0.983642
1.472567
4.282570
2.997994
1.760164
-6.264367
5.253833
6.428414
6.485064
-3.431821
-3.025721
4.269116
-4.997345
-6.828657
8.885278
1.656600
-4.909017
-3.760005
-1.694913
5.195737
7.314469
3.665397
1.875559
6.693988
2.674544
3.269935
5.401024
-3.314527
6.630488
4.934943
2.368941
6.189045
-0.575682
0.068128
2.901040
-4.659234
-2.414056
3.279889
-5.811531
6.112149
2.150122
-1.633578
3.451656
5.229480
-3.154887
-3.681645
2.280707
4.684344
3.703194
3.195715
5.787985
4.660924
4.408748
4.973459
4.909799
4.562193
-3.034801
-3.859638
6.691476
5.278871
-0.380280
6.300555
1.125758
3.122261
8.866470
3.938382
4.858854
0.810752
0.025961
-3.333512
8.155776
4.876703
6.624983
2.985351
5.426317
5.660190
4.501727
1.626013
4.394054
-3.169973
-6.092082
5.651442
-4.702534
4.386226
1.410890
-4.943489
3.514863
4.760509
-0.512667
5.509203
6.841395
3.732416
-3.422502
5.675955
5.087524
1.104836
2.891893
3.167336
-5.079961
3.519051
5.976856
7.265639
-3.871696
2.088239
-4.324069
-1.496123
4.048101
5.227638
2.237376
-5.329938
3.483486
2.468543
-3.278572
1.423166
-3.863276
7.481647
1.529435
-2.447706
3.086034
7.727460
5.848394
6.187567
5.256510
-4.393967
6.983585
-4.783862
6.785939
5.022367
5.975755
-4.323486
5.573390
2.390013
-2.910811
-2.518201
0.192555
-3.288789
1.765717
-4.970719
4.970632
-1.762235
2.459611
3.943825
2.560408
-3.016707
-3.491918
-4.522922
-4.241442
4.341677
2.595886
2.733182
-1.696886
0.870444
8.775585
-2.328707
3.511416
-1.512569
2.792541
5.288624
6.177845
3.539329
7.624805
5.743386
2.889542
-4.840705
2.240622
6.644332
2.748573
3.170601
-2.441992
2.117505
-6.619853
2.484451
4.846677
3.913132
3.442242
3.794812
3.355438
-2.025045
-2.143783
1.618867
6.383994
2.092000
-1.343857
3.234924
-3.465864
2.436335
3.209903
1.834336
8.036568
9.282037
4.057063
-0.959099
7.151082
3.608596
-2.614481
-3.878239
3.578061
4.226477
4.085718
1.047187
-2.078962
7.659289
-1.586093
1.144777
2.345792
-0.718579
-0.442466
6.218690
2.653683
2.641712
5.375665
6.125766
-3.859866
5.275398
0.518286
2.684585
6.214298
-5.535402
4.970786
2.311985
3.716783
2.370745
6.060168
5.078540
1.629653
5.341144
2.852633
2.246791
-2.943785
-3.521654
2.066217
6.862539
3.261301
0.135546
-3.126092
2.428501
-2.465386
-2.423542
-0.303911
0.892385
6.834532
3.646125
3.806798
-1.108148
-2.043344
4.846343
1.802602
-6.471042
4.119656
3.057771
-3.673720
3.430451
-3.566377
6.469316
2.206073
-2.575728
6.752803
-1.496221
4.744059
4.855016
5.545676
-2.856661
4.067950
6.712808
-3.968757
6.194886
3.991976
2.424656
4.873483
6.971496
2.018659
2.382542
2.417874
-5.034456
5.138138
4.206906
1.658596
5.028305
5.172292
5.190514
6.833370
3.909853
3.752952
6.304789
1.671397
5.085514
6.640046
4.499940
3.033632
-3.013388
5.580561
-1.686681
7.352895
-6.093640
5.466579
2.540362
4.569716
3.053245
-1.882765
2.929348
-2.386364
-3.846354
5.543335
1.446700
4.914012
2.880241
5.272364
-3.265961
2.436563
-1.988154
1.718640
-0.212802
5.700454
-4.382353
6.466466
6.196715
-3.302918
-2.185131
1.298357
-3.007675
4.372333
3.019990
6.203822
5.568446
0.826112
5.813437
-2.915121
3.531502
-2.738935
3.528223
-1.536815
-0.900317
-3.417161
2.153869
1.796985
6.767457
-2.281941
2.713244
4.173938
2.448308
4.392047
3.239531
5.791969
4.031747
1.381552
0.989927
4.606322
7.294858
6.923838
6.340240
-5.833484
1.051269
2.721372
5.171402
3.569997
4.801843
4.028955
4.222960
-5.491382
-5.175467
4.597772
-2.429497
0.025845
6.681745
5.547962
-4.334249
-1.394592
-2.246381
2.997907
-4.955131
3.701632
6.351643
4.598017
-3.807407
3.436075
1.271800
-2.980202
-4.090619
-6.573832
4.449526
3.330518
6.381291
1.452800
5.942543
0.611690
4.620360
-2.632202
-1.386340
4.731313
5.117639
1.523391
5.177298
-1.419817
4.664583
6.063939
3.817075
4.735635
4.784242
6.195748
-3.530636
6.512688
8.326501
-4.037705
1.055997
3.633450
3.004097
6.543440
1.170541
4.891936
5.706506
2.386273
3.563753
-2.803494
-2.682607
-2.660776
5.002279
2.404475
4.703263
4.629064
2.981543
3.393768
0.065441
-4.652345
-0.083711
-1.841840
4.613104
-1.294802
2.589468
-2.962783
-2.743306
-4.738025
-3.758359
2.041483
3.107814
4.758091
-4.883642
4.564162
2.658007
1.965462
-4.264077
4.831105
3.544889
5.929499
4.291414
-4.225889
4.350399
7.281680
3.539363
-2.836029
-1.437198
5.430509
7.267936
-2.075839
3.308407
4.872073
2.209515
-2.190890
10.196007
-4.029870
-2.962317
4.936047
-3.436804
-2.819180
2.591056
-2.454535
4.279491
-0.162045
3.087984
2.666736
3.360188
2.934720
3.368171
4.053866
5.845380
4.887271
1.938644
6.988292
5.955826
-4.147667
-3.608814
-2.165473
6.673429
1.421516
6.746740
-2.030770
7.037338
-2.421583
-1.307245
-2.296021
5.005080
3.659725
1.969358
4.986450
2.441418
2.990741
1.718412
4.706848
-1.813994
2.860908
-3.768439
6.601814
4.029065
-1.331697
2.183519
0.196949
3.282033
-0.082490
-7.573929
3.308662
2.920680
6.531070
5.884739
2.244347
3.694092
0.917686
3.873646
6.351923
6.266835
-3.542112
3.547101
6.437131
1.351543
2.209231
5.903469
3.710609
-0.871324
6.583287
6.453128
5.756896
-1.505914
-5.480044
3.477612
4.262525
-2.844524
6.569581
0.793384
5.523396
-2.112764
4.035352
5.644206
2.358666
1.079781
5.186620
0.851705
2.355483
0.937689
5.427175
-3.066202
4.747936
-2.866597
2.766077
7.736990
3.005815
1.471079
-0.424741
2.738935
3.260904
6.826059
4.030229
2.111815
-1.034746
-3.475366
1.794163
-3.923136
5.068906
-4.938776
7.870078
-2.612540
6.721397
-5.547392
1.730741
-4.804349
0.750962
-5.263010
-1.700945
-1.207480
3.807891
-2.277856
-2.646920
-2.702019
3.556030
5.884812
-4.300480
-0.429588
-0.397343
-2.566557
-3.489896
-4.212736
0.917982
8.078239
-2.260480
-3.301628
-0.487100
-3.648767
-1.525231
4.951571
-4.490046
3.692572
5.731185
-2.651033
1.515977
5.807040
4.175530
1.920482
-3.943013
5.679676
5.046951
2.378356
5.867601
-2.734378
5.215488
-1.522645
-0.733046
1.192108
1.779716
-6.802806
-4.544811
4.201756
-4.407123
0.603993
1.023511
-2.694030
-2.726264
4.377201
4.940940
1.654735
0.271305
-2.168518
1.788743
3.543237
1.780459
-2.208748
7.610074
5.405973
3.084202
2.668242
3.092782
-3.938961
5.942637
2.304231
-4.222994
-3.975532
1.885939
-2.968765
-0.037123
-3.996323
7.147061
-1.475185
-4.250637
-4.272198
-2.434781
6.132718
1.942883
3.403881
-8.749375
-0.901915
-1.730848
4.002860
3.017125
2.858821
6.096005
0.687743
-3.504662
-3.209332
5.184437
-5.752659
-2.228632
6.216396
7.708447
-4.630987
4.018871
1.702496
2.175723
-0.554896
3.404180
-5.306244
6.224473
3.730956
5.746630
1.367079
5.941035
-3.878854
4.871236
4.423791
5.859516
3.354643
3.879531
1.860318
2.681300
-5.113971
-3.592513
4.591849
2.719980
-1.572066
-3.369277
-3.703704
-1.841104
4.961033
-4.393178
-3.236822
3.183162
4.233475
-4.182146
-2.443626
2.510444
-2.833986
4.175779
3.954410
6.074729
-0.348299
-2.833632
-4.766930
-3.328005
5.902485
4.390601
4.731070
-3.670703
-2.980473
1.638910
3.350231
2.933047
2.140699
3.720222
5.857411
8.164690
1.025294
2.154499
0.086183
-3.379959
3.194357
3.835928
2.959978
2.562875
2.072240
5.441819
-0.233599
8.212095
6.405875
4.163047
-4.098784
-3.970292
2.224515
2.318234
-2.654409
-0.534781
-4.895057
5.618776
-1.927233
1.105140
-6.330076
4.753804
-3.698084
3.012958
1.736331
4.553006
4.548604
-4.676634
5.694649
7.148417
0.212938
6.647922
6.745720
3.284029
3.902345
5.173878
6.332498
-3.212682
-3.283281
5.745642
4.628656
-3.231535
2.798814
-2.362405
-2.821014
5.168248
1.374789
2.720818
3.984290
4.613725
3.908166
-1.157250
4.204683
2.382271
-1.973244
-3.252893
1.336437
-3.058885
2.945331
0.200326
5.726962
-4.714707
-5.404639
-1.643064
0.793333
5.501952
2.087017
5.473368
4.524448
5.185164
4.278883
0.923913
3.168229
-3.745794
5.291696
-4.272968
7.244162
3.287692
5.354920
2.598964
3.748892
3.632385
-2.998799
-3.648348
-3.937088
-2.437175
4.083702
6.068046
3.305917
4.680862
-1.786713
4.463446
-3.397270
2.715853
-3.562011
-4.015117
-1.858467
-3.422349
-1.985211
-3.789482
6.690938
7.258633
4.795777
-1.237795
3.480133
9.005146
3.277303
-3.692340
5.087597
-1.746143
7.474634
1.327918
2.119541
5.392713
3.269955
-0.465756
3.241583
3.211557
3.744439
3.548590
1.203094
2.102960
2.439620
2.736615
4.390639
3.053794
-1.214212
-0.427811
-2.983093
-0.081629
4.610073
-2.464229
3.823359
4.601255
-3.459800
-3.982904
3.338679
3.086334
-1.447892
-2.090846
5.100901
4.567171
3.154668
2.046056
-2.143251
2.997708
-0.988474
-2.706965
2.108648
1.275754
3.834974
-4.098913
-3.848363
5.299855
4.578162
2.895797
4.384859
2.844838
0.977957
-2.728680
-0.238472
4.856512
4.300395
3.414017
5.443686
4.962438
3.770787
2.526723
5.877662
-0.402826
-3.522095
4.247061
2.380327
5.589958
4.726089
0.815060
4.199578
-0.970096
4.779471
2.616858
-3.626159
3.971495
6.094868
-3.100246
-2.201357
-3.761742
-2.615692
-5.166638
2.734042
-0.681033
2.156316
1.882577
3.163506
-2.589490
3.908615
7.676598
-0.664448
-1.988948
1.757835
-4.186258
8.122091
7.469175
3.590414
3.860161
4.036018
6.351370
6.651040
4.923425
4.915902
5.759034
2.674886
4.455553
5.970675
-5.101611
2.505958
3.525029
8.646749
3.682665
-3.805948
3.938377
4.361561
-1.678314
-5.356749
-3.759617
6.308875
-2.429309
4.964511
-3.625677
3.725913
3.458326
-2.882400
-2.144496
-3.883110
-2.991253
4.394578
4.737959
5.274812
2.575173
-4.392323
6.129506
-2.943778
1.531591
4.091116
5.810469
1.286626
1.028061
-2.506132
2.793668
3.371044
-1.948675
-3.674248
4.554331
2.242617
-1.946910
5.666955
4.815639
-3.017307
6.091563
-4.969012
-4.145228
4.746695
0.597880
-6.040634
-2.851793
5.682198
1.266017
4.733231
6.053284
4.903006
-2.838531
5.076555
11.252690
-5.943988
0.400689
8.013046
3.408295
4.873912
6.373328
5.422406
-3.626518
-4.562161
5.797594
-2.806142
-2.878825
6.839922
7.397296
1.898791
5.804959
9.193851
-3.220088
9.041444
3.418108
-2.064496
2.716924
1.800347
-5.454697
0.336023
3.629027
-4.337173
-0.576867
-2.324829
3.645294
-5.145207
3.283269
6.097099
-1.371663
3.177385
3.355189
3.363529
0.938386
-1.406492
-0.002347
-2.124278
-0.609294
2.450935
4.926299
6.700296
4.551995
-2.117235
-0.266782
4.461935
3.251770
4.876324
3.332116
2.407851
-2.905005
4.339994
3.976832
6.761397
6.328412
-2.760194
6.983754
3.153324
1.741393
5.411461
-4.325247
2.760208
1.107552
4.245756
-2.208057
-3.116807
6.028638
7.352954
0.964411
4.408665
-7.605874
3.653789
3.176155
2.415107
5.793413
-5.128153
-2.137022
1.268386
5.268416
4.316818
4.148047
4.129540
-3.334853
0.275902
4.087687
4.391438
3.125507
5.957599
9.807219
4.142154
-0.881993
4.733589
-0.549081
-3.615785
4.086075
3.706211
5.464865
-0.118524
3.280143
-2.099017
4.937103
4.019375
-4.069120
-4.206773
-1.913751
4.894734
3.668791
-0.887691
4.459256
-3.553350
4.705388
-2.583497
6.475160
-1.585856
-2.235948
-3.719941
4.885755
6.375246
6.404347
-4.513386
-4.067658
-2.682950
4.079217
3.573644
3.963363
-1.847220
8.405940
4.049854
-0.098015
0.782310
0.251125
-4.297702
2.387784
2.011336
-2.054238
5.156457
4.367990
5.831348
4.747296
6.641455
5.175058
2.609328
-0.980624
4.693091
5.187381
2.133565
2.307223
3.157999
-3.529416
1.907072
2.380139
5.035586
6.636544
4.072096
4.070678
-3.947404
-2.578660
5.553847
3.308111
0.091561
7.259104
4.928288
-3.190465
-3.287941
2.012364
3.935704
-2.663922
2.415489
5.305893
-4.199168
5.245287
5.815759
-1.974537
4.601619
1.727146
-2.808545
0.068853
2.475904
6.869050
3.765014
-2.686547
6.146687
2.578078
6.890036
2.932016
5.712860
-3.437229
-5.334480
4.025542
-3.898689
2.985478
3.556388
6.180871
0.269756
4.477685
5.776175
6.560306
1.253331
0.774065
-2.415007
2.274915
-2.031191
-3.707010
3.205926
6.612359
-2.173963
2.247547
8.050834
7.599246
6.586849
4.423794
5.861715
-2.873279
-4.591349
4.233312
-2.042053
1.859613
5.033153
-2.927996
-2.870780
-5.172662
3.710418
-5.221329
-5.296587
6.407721
4.031951
2.473263
1.461294
4.107333
0.811064
2.771846
-4.394973
3.012330
4.276083
1.202036
-3.523444
7.072221
4.912888
4.453092
7.606403
4.505428
-1.563816
-4.189015
-1.051706
1.680094
-4.500808
6.962895
4.415488
4.518309
3.526969
2.521426
0.170334
-3.762101
0.591393
4.497516
4.160194
4.667335
5.442305
-2.822965
4.733477
6.858339
5.419022
5.863377
0.973013
6.432307
5.680503
4.101627
-0.098276
2.042220
-1.869007
1.430161
4.463337
-0.085916
4.325592
3.074501
-1.641073
-1.883631
-5.199355
1.890524
4.233292
0.488407
2.494442
-1.634045
4.207053
7.048498
2.995644
-0.775603
5.407268
3.261342
6.639427
-2.831487
2.927579
0.714792
8.440019
4.609936
0.559184
0.440078
-2.721976
3.921980
6.001331
-2.848584
7.201784
7.801067
-1.853969
7.876510
5.930166
3.637993
6.337450
1.073924
3.286860
-0.659972
4.713781
2.605755
1.060440
7.419245
-4.673408
7.760236
4.913008
4.795241
5.858457
4.363152
-2.782067
1.645741
5.506042
1.739879
1.031099
-1.523571
5.650015
4.809339
7.928666
4.815885
3.670738
5.912788
-3.656386
-3.741792
3.742760
4.469682
5.152187
6.361707
4.170984
-0.910202
2.156851
-1.196574
0.917147
0.146972
-1.748193
-2.361813
5.204230
3.083009
1.866171
6.427412
3.097318
-0.250875
2.228145
3.998842
4.525041
7.774438
2.133588
1.565584
2.305665
7.990217
-3.020159
-2.694346
1.123948
-0.740420
4.986224
4.251977
8.112448
-4.268889
5.331448
1.172470
5.428546
0.281550
5.465266
-4.848500
5.645801
5.066817
2.581615
5.323118
-4.133845
-1.804969
3.073764
7.600009
-4.039778
4.288762
2.169445
5.781466
2.537069
1.521052
-6.565346
7.343643
-2.558083
-2.969387
4.803837
-4.972685
-2.289918
-2.797784
3.503258
1.091821
2.614247
4.445536
6.485082
6.543605
6.879238
4.625643
-3.406952
-0.864301
-3.951105
-3.178932
-0.737683
1.980133
-2.668133
6.436355
6.048623
3.203106
3.253521
2.923388
2.638591
-0.277057
2.846549
-4.054327
-1.606097
-2.973712
-4.302011
1.792511
3.180140
-1.315011
6.240821
3.312049
-0.757783
1.770175
-2.180920
-3.304367
-4.370804
4.013956
-1.898441
6.849934
-4.963655
2.999821
-3.314449
4.162254
4.491553
3.921548
-4.108013
5.104764
0.463732
5.165527
7.211450
2.344484
8.369743
3.354911
-2.558351
6.180596
5.602210
-2.177271
0.950714
7.582662
0.787993
-2.418154
-1.948713
8.462097
-3.785275
8.077308
4.522349
-3.356544
-1.487415
-0.220244
4.738126
1.184395
4.360121
-3.149423
3.257232
-3.304002
-0.689784
0.753288
4.610912
-3.697550
-0.494738
1.967753
-3.338568
4.872884
3.682045
-2.275155
5.468987
3.723612
-0.873120
-2.189227
5.420548
4.774594
2.535027
6.897697
7.556718
-0.562096
2.638770
8.848239
5.239806
5.331852
5.232613
-2.801894
-2.298361
6.615256
2.060969
5.524982
4.199598
-4.803043
3.197615
-2.746857
0.691061
-0.061864
2.080457
2.938572
-0.743851
0.237385
-3.911946
0.520142
4.278248
1.628668
1.086378
7.322626
0.840338
-4.532623
3.127534
0.249551
4.083499
-3.065545
-1.253648
-1.725403
4.545055
6.370544
4.618675
4.703622
-4.171850
1.840302
6.739417
5.850096
-5.497189
-1.809395
4.225962
-3.575489
5.158758
-3.155456
5.535875
1.547544
5.924285
5.093132
-3.302759
-1.610519
6.192240
-0.932684
1.281149
4.682133
-2.434156
2.900041
3.954916
3.790159
-3.904271
3.339906
5.322759
2.509362
2.352436
4.975108
7.015416
-1.869444
-3.995042
-2.697023
4.870316
0.465581
4.084959
-2.401323
4.491064
4.423579
3.763952
6.413151
4.214796
6.172969
3.066770
2.314853
9.334532
-4.921642
-1.792925
-1.760023
-5.986767
1.524342
-4.536797
2.815076
7.972297
-1.582089
3.291160
4.347802
2.879049
3.367440
6.712160
4.584243
0.048261
6.368781
6.256265
0.743710
3.958322
3.058281
-0.919009
2.477653
-3.756157
6.773718
-4.417118
3.316990
-3.816023
5.709199
4.098944
2.158257
-0.245725
0.024658
3.083042
3.881445
1.926190
-1.481698
6.424416
1.141777
3.027428
5.732402
5.811457
5.043103
2.597676
-4.746787
-5.031880
-2.342146
2.687403
3.984045
1.126661
-1.664324
-2.970891
-2.215669
2.895722
-1.357487
-5.400071
5.795002
-5.718768
-4.093764
-3.852358
0.671543
5.338754
1.623164
2.777445
4.832909
3.391634
-0.429808
-4.167877
4.280000
6.188288
-2.739804
-6.183921
4.581420
-1.826680
2.535285
5.213461
-4.279729
0.862085
6.765312
-1.764675
7.138599
5.955126
4.991880
5.947097
-2.878008
4.085242
2.794375
3.303797
2.670410
6.070443
3.583078
-3.302997
1.283469
5.002076
4.320816
6.013780
2.261898
3.845570
5.727825
5.423608
-2.203188
4.309510
4.395455
1.457935
4.622106
5.721430
4.110982
-6.225800
5.618873
-3.589856
6.469187
-3.908894
1.712702
-3.375771
3.268802
7.239568
6.673214
5.699757
5.676769
3.514552
2.990467
7.006956
-4.086495
2.484713
4.406787
6.680908
2.332048
-3.003492
6.211579
-4.645107
3.031246
-2.979127
-1.267516
9.561073
7.229954
0.348842
-3.037177
-3.852527
-1.219661
3.174783
-3.822792
-2.358283
2.733792
3.624317
5.210828
-2.566978
2.980948
4.872399
2.555670
-0.955253
-2.051405
8.105841
3.325636
-4.969904
2.809921
3.520639
4.091951
-5.592979
4.911652
7.553333
9.492323
0.787605
3.165989
4.216751
0.882830
4.026976
-2.586295
-1.482675
-0.178041
3.244078
-3.103776
2.208068
-0.200368
-4.275456
-3.100620
-0.183860
-3.585581
1.917847
-0.550518
-2.159560
0.697733
5.853946
3.759343
3.459822
4.984291
-4.446344
7.600955
-7.064712
4.316125
-2.123663
6.143339
0.290105
4.513049
0.562418
3.360848
3.692459
-2.955364
-2.974084
4.703830
-4.949846
2.247187
-3.631984
-3.504771
7.184988
-1.762285
-3.326140
4.119225
5.788202
3.869569
5.965880
5.369168
5.424810
3.464633
-1.455038
-0.751877
4.400788
7.084922
5.392667
-3.298036
3.669574
5.497164
-4.650075
-2.477990
5.360004
7.590540
-5.024183
-5.398155
1.743141
2.219593
4.608645
1.757762
-3.526612
-5.376618
1.837424
0.652387
7.409008
6.448157
4.335240
-1.862578
-5.830402
-4.601242
-2.864895
2.425193
3.785302
3.769095
6.152380
-6.435693
-1.968446
3.174387
3.874981
-1.283674
3.538906
-5.366827
0.857385
3.327343
-0.413809
3.732934
3.655472
-3.761882
7.059757
1.626407
3.970147
-3.807665
2.681034
-2.978168
7.587812
7.456828
4.610220
-4.840897
3.611150
1.504382
4.975464
7.735619
-2.138609
4.509449
3.274217
-4.122143
2.215914
7.858359
5.271608
3.080316
4.036268
8.560425
5.171860
3.542067
-1.940610
4.596550
-4.403997
5.068654
0.984724
4.826430
-4.808337
5.793033
3.639619
-2.934867
7.145281
-3.356298
2.141676
7.168748
-3.751425
6.232062
3.970616
3.474944
2.148433
-5.482550
3.239454
-5.582994
6.933880
5.041195
-5.141475
-1.726775
3.109906
2.939605
-2.263989
2.071841
2.917552
1.584044
-3.416034
2.681784
5.408276
-2.599059
2.203684
3.748987
-2.194538
3.997098
5.554195
1.350752
4.069038
2.495559
0.863927
-3.394541
-5.110637
4.528591
-5.683442
5.899132
3.981427
3.269492
-1.057842
5.072229
2.689556
-3.540691
5.774908
-3.534837
1.373650
6.069158
8.852617
-4.103842
4.379165
2.209763
4.974405
4.537142
-2.132195
-1.332432
5.438013
2.015885
2.878606
5.821066
5.978838
3.029077
6.760752
-6.340262
-1.310496
5.472388
4.673831
-2.560720
-4.137481
3.862301
8.058018
-4.231184
-2.651276
2.494418
5.381681
-3.930989
5.911805
3.618595
-2.667004
2.381033
2.236133
5.602330
2.857669
1.913700
-4.445624
3.027669
5.972467
5.794965
-3.095777
4.068740
2.628954
7.598107
4.841124
2.313508
2.925987
7.158784
5.353450
3.360107
1.166151
4.456886
6.666703
5.339344
-2.344769
-4.717953
-5.986877
-3.469191
4.376173
8.443802
-2.558937
8.472691
3.638871
-4.433140
-2.079736
2.760473
-1.187968
1.942205
2.391904
2.964031
-2.803873
-1.982880
-2.920791
-3.233650
-4.217074
-1.788113
2.803679
-3.197671
4.688047
6.566865
5.494695
5.192936
3.497337
-3.546148
-4.506434
-2.263368
4.617228
-5.414565
-4.216717
3.978879
4.261477
4.396638
1.347468
-3.956271
3.675992
3.328777
6.920853
8.615079
-4.354587
-0.576320
8.814644
1.175963
6.068778
3.876416
6.631607
5.091519
-3.510884
3.914998
0.577360
-1.841766
-3.452366
4.599144
1.723040
-3.396993
5.855745
6.869271
4.834125
2.973809
3.901309
-3.596269
5.392756
5.609540
6.272669
2.732135
4.073564
-1.654956
3.019790
-3.634560
3.685378
4.083812
3.825772
5.472570
-0.973821
-1.021857
-3.353303
-1.787321
3.194822
-4.909825
4.539807
6.397409
4.740127
3.489249
5.733781
-2.243739
6.003967
-3.977455
-0.702452
-4.394445
3.384322
-2.406154
-4.271981
-5.168751
-3.857438
3.773531
0.252858
6.263658
1.928959
-1.177268
-3.838335
-5.631668
3.478787
-0.586251
3.397307
2.274424
3.686533
4.579577
4.987292
3.085128
2.035208
1.286528
-2.451729
7.221785
-4.872518
-1.661074
-0.446188
-2.558054
1.851610
6.756922
4.685002
-2.401332
1.813346
-4.670668
-4.173843
5.083813
7.646409
4.504151
-0.882572
-5.182876
-3.714761
5.797107
2.982676
-2.228704
2.512578
6.062788
-2.526910
8.159725
0.839525
7.083956
-3.619218
-5.306959
4.695673
4.447114
-2.883061
4.938226
-4.615491
3.681164
6.100221
-2.515121
-2.587709
4.939555
2.870708
4.538873
3.044294
3.470144
3.118784
7.249210
4.212342
3.927551
4.609538
3.998697
-1.865624
4.742963
-5.686123
4.554729
3.737262
-3.172437
5.132782
4.358404
-0.884438
-2.862179
3.413688
5.118317
1.602847
1.518021
2.796121
2.557149
6.253791
3.581889
5.423817
-4.011702
-2.965805
4.263404
4.935899
4.212142
3.865877
3.885354
3.685745
4.829423
6.634558
5.954577
-4.247994
3.088350
6.793172
-2.266386
3.678337
3.044598
-3.385791
3.786579
4.801050
-2.667057
5.922605
-4.342209
-3.086456
6.769580
6.605210
-1.508754
-0.071440
-1.916462
3.721765
5.228676
1.470171
-1.394296
-0.138898
0.522005
6.617553
3.849509
4.865747
6.485272
3.606002
5.895782
4.723972
-0.849552
3.053585
4.465014
-2.905222
-1.762947
0.955663
-2.982161
-3.200509
1.997321
3.038873
-5.452634
2.515751
3.949136
1.918458
4.815932
-2.088459
-1.462502
-3.643081
7.284994
-3.219554
-0.262758
-1.699415
1.601705
5.907290
5.962645
-4.921177
1.930552
2.719946
-3.418854
4.140852
-0.620525
7.132389
4.152555
-4.266085
4.448688
6.635466
-1.703890
4.668732
4.518652
2.593086
1.724432
1.385167
6.186203
7.137333
5.597868
-0.593313
-2.068921
-4.262947
-4.509421
3.067252
3.799643
-4.614175
1.216147
4.116546
-3.180685
-3.132476
-4.012500
1.176680
7.667316
4.408478
-1.406699
3.476073
5.224505
5.631549
-2.993391
5.454120
5.734654
3.647445
3.539285
0.071423
4.391407
3.022903
-3.176463
-3.210083
-0.892900
3.612134
-1.869796
4.475787
5.023573
-5.509853
3.403711
4.096813
4.036992
0.876888
2.132641
6.400459
6.949229
2.733459
0.274154
-1.637001
5.616736
-1.347044
7.068562
4.380207
2.620983
1.911626
-1.483679
1.264330
4.705791
1.209853
2.782160
2.971052
3.731818
2.999223
5.444643
3.659509
-5.142395
5.543611
-1.676282
5.397479
-3.654812
-4.273323
-0.502665
-0.578185
3.674467
-3.270854
2.544544
5.533473
2.726766
-4.230252
-3.596139
6.133968
2.839867
2.218585
-3.103574
-2.122636
5.903327
5.994260
3.771445
2.703187
4.242673
4.534843
-4.330157
-3.565596
-2.477069
4.980747
4.094497
-2.207586
-4.547709
3.313382
4.827676
0.873222
-1.651952
3.124809
-3.215003
2.267343
3.329620
1.492889
8.734763
-2.455622
-2.521943
4.512936
5.587171
3.750680
2.939410
-3.200998
5.905376
-2.561176
-3.598838
-3.679710
2.337374
4.784586
-2.100298
4.566256
-2.348360
0.001093
-3.071818
-2.823869
3.686533
-2.840042
-1.679290
5.167312
-3.752565
6.756830
3.129068
5.715153
6.604955
4.339389
6.142623
4.584526
2.851510
1.747630
2.215846
4.887417
6.785000
1.848589
1.797330
3.209327
-0.490232
-3.048986
-2.873514
0.666497
3.589725
4.675038
2.832013
2.235766
-3.672870
-3.386266
10.396143
5.632028
-4.279690
3.641705
-2.737592
3.292827
2.664275
2.630673
4.551062
-2.316675
6.417979
4.837049
1.667076
-1.797825
-4.032012
3.146879
5.202532
-4.709909
0.288200
7.109770
3.400465
-2.933204
-3.184908
4.726262
6.323880
8.108982
7.707434
-3.142874
5.589553
3.966854
-1.564186
-3.211706
-0.020967
-2.307693
-4.380066
7.915122
-3.712243
4.760534
-3.509823
5.677161
2.526834
2.761270
-2.304507
-3.926723
8.299729
5.594552
-3.591067
-3.076921
2.102807
-0.883645
7.833992
6.938919
5.417196
3.935617
4.654341
3.958183
-4.616977
3.744002
2.702674
4.652358
1.306805
6.599285
6.523810
-2.166463
3.834851
-4.975948
-2.590473
-0.976857
2.660025
1.633274
-2.530460
4.576705
-3.258663
4.542188
2.333191
-2.719884
5.667134
-4.135173
-4.839730
-2.399640
4.110437
5.427560
5.722585
6.220937
3.304950
2.868141
2.403547
6.996251
1.789318
5.802174
3.087768
-3.295330
-3.584024
4.668683
-2.849330
-3.292466
3.966555
-3.545672
4.972758
4.637210
-3.018224
-0.021848
1.823565
2.216864
2.861190
-3.056147
5.289289
-1.631034
-1.544179
2.753270
2.266562
1.136598
4.332035
4.864835
7.043603
4.397695
0.364420
2.804026
5.204639
-0.813691
1.843792
4.318478
5.283861
-5.084265
-4.760580
3.969338
4.219766
-4.441233
4.773747
-2.531976
2.742956
2.170698
4.632844
6.471711
0.382982
7.684652
2.905626
2.242380
6.037044
2.865880
-0.242619
-2.000463
3.485889
3.166265
2.309770
1.019591
6.539845
-1.886514
-4.314123
3.714594
4.251948
6.341670
3.590878
2.515423
4.035091
-1.489132
3.882538
-3.587175
-3.416845
-3.489383
2.221902
8.026787
1.610675
2.320836
-1.039715
4.325754
4.704458
-4.514100
-2.945343
-2.275256
-0.635893
2.755243
3.912476
4.949470
4.961789
-2.074418
5.265276
6.783107
3.086956
5.027138
3.102427
5.322151
-1.805807
2.451012
-3.569339
5.619761
-4.894116
7.104877
3.374062
-3.815813
4.199551
3.883291
3.541000
3.669202
3.094807
-4.024301
-0.044145
2.817660
7.815618
3.055456
-4.010612
-2.489620
4.645376
6.094131
4.351138
6.813204
5.858130
4.084095
2.430270
-1.882001
3.999452
1.529750
5.491399
2.472848
-4.113995
-3.138000
6.613726
2.436253
2.542412
-2.283795
8.365025
-3.826100
-3.112286
-2.162369
2.240088
3.310978
-2.378283
3.154577
1.765012
-0.787920
7.036069
2.990744
4.153886
4.051288
-2.471741
3.773106
3.048135
0.206637
6.714228
-4.814584
3.621328
4.613160
6.927626
1.858999
-3.653500
5.571106
4.324290
5.940251
-2.917986
1.333467
0.832898
2.938687
-3.296767
-3.111020
-4.717200
-5.053769
-3.710405
-1.129821
-5.464715
3.352539
-4.367183
5.240574
-3.950678
7.755342
-1.272467
2.524022
-1.274420
6.274435
6.438609
-0.317034
2.956986
1.080110
2.053314
2.912026
-3.877906
4.575901
6.248194
-1.907656
-2.977479
2.164657
3.503803
0.655890
2.564963
5.177024
4.516034
4.152036
-3.035400
7.584782
2.464706
-4.641994
-2.686572
6.052530
3.156103
-3.910031
7.644252
1.007699
5.304155
4.150687
-2.295245
-1.817322
0.298629
5.024353
-1.459752
-2.440933
-2.540097
6.228347
-2.982094
-3.080160
-2.958096
4.583852
2.472857
4.264011
-1.248741
7.967394
-1.942311
-3.166826
2.420777
-3.070642
0.893901
0.074303
1.716978
-2.911367
4.446223
-1.748165
-1.677265
2.652320
3.341290
3.818763
5.980485
3.985278
6.976182
8.873039
4.373138
1.650627
3.224264
5.636059
4.519989
0.274253
5.559309
4.728690
3.060447
0.217841
2.667347
7.645950
4.600750
3.121831
2.102243
-3.013203
2.068670
6.318807
6.381729
3.862989
4.671330
5.487046
-3.644846
1.622002
-4.023222
3.299542
-1.899444
5.782354
-2.806983
-4.015697
3.531277
8.610366
3.088547
3.884648
6.340711
0.034271
-1.514597
3.469864
-1.191499
7.595734
7.779763
-5.358252
4.374579
5.463775
3.611298
-2.782737
-3.163970
2.206268
3.720494
7.594841
0.613381
4.641678
0.449053
2.421674
1.570638
4.184597
0.339764
5.300085
-3.270188
-2.738273
-2.658844
3.696982
1.271716
-1.968573
4.316021
5.730251
-2.084436
-2.944046
-3.211613
3.747948
7.591087
5.065402
-0.584325
-1.923594
5.760809
2.502538
-1.552845
2.909898
5.393283
7.000457
1.390340
1.570458
2.557513
2.866076
4.978579
4.288598
-0.472142
6.817998
2.708675
4.536336
-4.386669
-3.962086
4.110301
3.644778
-0.862678
4.476573
2.184414
1.827873
-2.471492
-3.405314
-1.098452
-5.168082
3.827628
7.177723
-3.635040
8.110845
-4.120866
4.184579
-0.429898
1.849156
0.894478
3.213336
5.893434
-4.811230
6.471228
3.626628
2.357867
-4.336925
1.556695
7.290822
2.886021
1.440335
5.126334
1.812166
2.877374
-1.728777
5.234430
4.464917
-3.345560
-4.225135
-3.281878
2.541304
7.790655
3.029194
6.330890
5.998954
1.682193
6.070418
-3.444389
1.991105
2.513683
5.039026
3.632066
-2.247486
3.100505
-3.282186
-4.427996
-3.258967
8.120812
-4.729735
0.737354
5.733805
1.506221
3.239288
-3.374804
-3.002937
-1.362829
3.708536
-3.261587
4.411708
-0.107875
2.758537
5.291664
-6.229590
3.814026
5.327145
2.259336
5.069267
-2.714414
-4.803129
-0.093064
5.053714
7.276233
4.005563
1.662600
6.614495
-3.691201
4.575191
5.508079
-0.450293
3.696003
1.961957
3.544601
6.620015
0.871002
4.197383
1.871782
-1.885035
5.627770
-1.761921
-3.989829
3.628613
3.322725
5.483514
-4.181881
-1.770502
3.838279
4.727255
6.012531
-2.564615
2.466407
1.120918
4.751092
4.768533
3.991443
4.767902
6.392790
2.590246
-1.222582
-2.206125
4.971219
2.633516
3.986891
2.685329
5.166006
3.330396
-2.887626
-5.415696
4.128560
3.523717
2.826866
4.395319
4.014260
6.267147
-4.333443
-3.145626
5.801719
2.226203
6.467772
5.730687
-0.833089
5.650332
3.316550
2.658486
-5.048821
-4.635742
-2.144749
2.363682
-0.213919
4.971056
6.016618
8.323525
-4.634364
-0.383778
4.794996
-4.845175
3.333169
4.737800
4.365387
5.390049
5.144628
2.826163
6.144498
-3.694191
-5.698111
6.692716
4.273328
3.116640
1.399733
3.675175
7.291716
-3.264171
-3.621820
3.859798
1.587223
5.003145
-2.489525
-3.962411
-1.685921
0.381086
7.102883
7.050371
2.155925
4.997485
2.398932
-2.074024
-5.196163
-1.954525
-5.500549
2.923035
7.160188
4.249098
-2.068096
-4.393409
3.990681
-1.888992
-0.310006
5.852249
5.566266
4.983552
0.711198
4.769196
-5.624550
3.140492
3.191800
-3.063503
6.695881
1.114809
4.165386
5.996556
6.229723
-3.085093
4.157315
2.432384
-1.000774
3.262569
-3.331244
1.947827
-4.379639
3.992006
4.715207
-2.057447
1.255068
5.883587
2.395067
-3.982158
0.601019
-1.734076
5.820909
-3.974421
-3.747349
4.310261
2.641327
3.532594
2.889467
3.528598
1.562639
1.446545
6.659909
-2.707873
6.806499
5.121559
5.156624
4.407622
-3.733643
5.559872
1.434057
-0.420542
-0.314942
-0.474900
-4.157155
2.048231
-2.880599
8.780537
4.503888
3.813609
-5.341114
4.366570
5.307301
3.238498
4.928302
5.350601
5.227203
6.630224
-3.879543
-4.189879
7.424954
-2.328029
-2.884127
4.190001
4.603261
5.785782
-1.917561
1.836327
5.511050
6.158151
-5.703966
4.465111
-3.563578
-0.176505
2.532249
6.289825
6.343144
-0.935622
-4.513803
2.966836
-2.743038
3.659456
3.360350
-2.289862
4.785461
1.708787
0.628255
-2.167845
3.026041
-3.381710
4.367578
4.077472
7.963886
2.277642
3.652319
2.981962
3.621265
-4.614422
4.964349
-1.579479
2.348794
6.691545
-5.707253
-3.223092
9.116935
-1.239795
-2.745790
-3.264431
2.620162
-1.317378
4.366169
-1.280245
7.467098
4.301354
-2.146607
4.416866
-5.838494
-4.709523
3.847751
5.417486
-2.045727
3.395486
4.549508
10.372841
4.248249
-4.821022
-1.286492
4.869423
-2.893915
-5.581001
-2.017385
-2.140756
2.137285
4.365189
2.212514
5.389464
5.514932
4.236265
6.137459
5.725833
0.247851
2.307965
3.845794
5.780755
-4.206882
-4.292306
7.089093
3.499695
-0.391675
2.132833
-2.645924
1.774312
-1.390420
5.678475
-1.143468
-3.699457
3.078901
3.600607
1.813464
-2.307632
-1.392461
-1.976448
1.077735
-2.677755
2.493102
3.985225
-4.182352
4.240346
5.413436
-3.400001
2.180406
4.336562
2.671314
6.118588
-3.941732
2.797159
2.383753
2.513690
1.636809
1.020035
-0.963800
4.084727
-0.741931
-4.288634
5.675869
2.441809
4.563628
2.623259
-1.923273
3.382510
6.468590
0.624260
5.450347
-2.786139
4.015802
3.875060
5.122875
2.714907
7.834541
1.429132
5.838575
4.956313
0.788425
-4.445525
5.825101
3.766453
10.118758
1.547434
-2.233829
2.359453
2.793361
3.981207
-4.099000
4.698824
-1.642981
3.873702
-3.730388
3.353001
-2.793309
5.330835
11.228869
-5.097389
-3.364999
3.250082
3.347797
-3.920677
5.474324
5.318160
-3.664472
6.663560
4.380156
-1.624257
-4.386998
3.206489
3.098611
3.801716
-0.114190
5.136287
2.841983
1.049961
8.797819
6.883939
-4.775604
1.453618
-2.757892
0.404009
2.389159
-5.715069
5.143885
5.376748
-2.966670
3.583184
1.171503
3.581916
4.750743
-4.298437
4.885578
0.358280
-4.283359
2.123248
-2.170683
-4.242844
-3.605343
3.116570
1.328910
8.621232
-1.318692
-3.246709
1.652903
5.586312
3.717924
-2.531623
-2.614501
-2.596894
3.675806
2.346863
3.851077
4.744976
2.686402
6.361353
5.292060
4.947027
5.139472
-5.905057
3.879861
7.007188
-0.026263
2.036922
-2.925778
4.171381
-1.520705
4.482773
-3.885204
-4.527476
-3.636255
4.884738
6.060371
2.170018
4.196346
5.474353
6.588716
4.957558
8.664175
4.375194
3.563269
-5.515192
6.527302
-3.915209
1.999990
5.907803
6.777705
-6.060582
6.565165
5.390475
4.355007
3.591299
-4.086139
-1.105194
6.248613
7.145629
4.843372
5.271802
2.917807
5.120156
-3.219334
3.203954
0.326695
4.458599
0.876413
3.503920
-2.858579
1.572521
-2.272412
-2.239884
-3.574558
5.312848
-2.584475
7.082717
5.621170
-5.415222
-2.134329
-3.119769
2.381412
4.690623
2.424452
3.982769
-3.577634
5.718047
3.730376
-3.129823
-2.254194
3.955516
4.668393
6.876205
6.808109
2.997436
-4.481628
5.695764
0.473591
-3.731102
-4.126409
1.361398
5.408855
4.501529
-1.813879
2.703546
-1.536597
-3.891245
4.429286
2.921332
7.016821
4.300006
5.569592
-1.714283
-3.140585
3.669754
-3.782284
-6.509270
-2.830263
3.662707
1.658312
8.058713
2.900436
5.589634
-4.105761
2.108836
4.253304
-0.735401
8.625721
4.812745
-3.820732
2.644007
4.587347
-5.351537
2.368582
6.098141
2.598593
5.671079
3.518427
-1.622165
9.013287
-3.351146
1.311933
-3.324449
1.070380
2.273084
5.863929
8.291221
-2.954591
2.655133
1.520819
9.258520
5.274429
3.299692
2.974374
-0.024223
3.788285
3.464164
6.753094
2.898983
-6.965110
-2.756297
4.518847
2.739406
3.902166
4.394201
2.409018
3.593637
5.674710
6.123110
4.241768
9.036583
-3.521192
2.490639
-4.364878
1.671920
4.943466
3.259977
1.483646
2.771239
3.590629
-3.798926
3.526937
5.088950
4.197291
5.288759
0.336068
-5.011836
-4.128576
4.437646
1.581256
2.904421
6.000310
-2.754303
5.538929
0.574690
-2.008401
-3.468577
2.560722
1.725635
3.672373
3.601235
-3.828580
5.832358
-3.925572
-6.806179
6.091989
7.552079
3.125593
-2.029240
-5.102687
7.608496
6.748668
-2.347204
-0.102332
-2.560207
-4.231557
4.747330
3.666702
-2.919688
2.918768
5.537371
-2.206648
-0.267236
5.106574
-1.270207
6.553321
4.028439
-2.593345
4.194588
-0.186640
2.736090
2.358228
-2.398099
3.295162
1.931481
0.903708
-3.062917
1.673160
4.183493
4.370623
1.661894
4.425386
1.232632
5.583474
4.083582
7.032518
4.773743
-3.711932
-2.299089
-3.313442
-2.917996
3.584110
-2.907921
0.949927
5.801696
3.988544
4.155803
-3.345348
-0.916701
2.062692
-3.784200
-1.802314
3.276517
2.899561
1.647463
-3.721517
-5.924175
-3.287839
-3.403756
-1.655416
-1.879981
4.197494
-3.128310
-2.865693
1.840268
2.803197
-0.899494
-2.364468
1.794780
1.708943
-1.951549
5.222397
5.968796
-5.145866
3.611806
7.162566
6.444765
-3.877449
2.797431
-1.169440
2.518591
3.292171
0.121154
3.247105
2.548775
8.777727
-1.351384
-5.558838
3.731190
-3.186782
2.437906
5.968635
-2.806937
7.755105
1.364623
3.435173
-2.891528
4.368909
1.601880
0.857561
4.309757
7.643610
3.097680
2.695037
-2.916317
-3.386071
5.467344
1.788791
3.686488
5.135229
6.376336
-2.947351
4.575799
3.461523
-3.568470
3.759630
5.550939
-0.644782
7.974067
4.118874
6.257489
-4.027016
-5.051622
3.437139
-6.452990
-1.926884
4.687214
3.653791
4.217673
6.678366
2.191888
1.984125
2.719826
-3.244312
1.826454
5.196925
4.396984
4.218304
1.838190
1.473642
6.462852
3.813706
5.769940
2.380029
-5.933184
6.583658
5.460113
-3.075588
0.935023
2.446938
5.787425
2.868846
-2.973156
3.461392
-3.905964
4.651850
6.414081
2.295533
4.573730
5.720337
-2.918241
6.481189
-2.374503
-3.183050
-3.608069
2.653820
-2.637292
2.665697
5.804849
1.239710
5.334525
4.574089
4.181025
0.500181
-0.799947
1.915303
2.064533
4.544731
1.217561
6.078477
4.754097
2.988856
-3.628555
2.299228
3.191423
4.285822
2.218272
3.910450
3.814889
6.905340
6.632517
6.342305
-2.235910
5.798241
0.424710
-6.810865
3.960228
1.413447
1.594174
0.261407
-1.794958
7.734011
3.480214
5.998420
2.206451
3.086959
-1.414535
0.943915
-1.084556
4.583914
0.480858
3.079738
5.295442
2.576880
-3.564456
2.992631
3.367261
1.817716
-0.332208
5.058515
4.921698
5.228213
-4.485767
6.988584
-2.170290
2.134532
0.641081
2.902068
-2.258789
1.892408
3.892269
5.386053
4.882365
-5.116981
2.294550
-4.457680
-3.907562
2.685243
3.681498
-1.863855
-3.231861
3.306168
7.032969
-2.022199
3.323361
3.349615
6.012682
-4.430830
-2.053209
6.290622
-1.703944
-4.371328
4.957455
-3.481615
4.972357
-3.857293
3.039004
5.023994
1.414516
1.055065
1.947095
2.464624
-2.654030
-1.426394
-0.919386
-3.529605
4.850712
7.089939
4.841492
2.884587
2.799785
4.793586
8.022534
-1.835240
6.119346
-1.308580
5.303198
0.077128
-4.263438
1.193822
2.499677
3.545579
7.374886
4.410630
0.400734
3.906855
3.816660
-1.834521
5.963336
3.539764
-1.177397
3.627287
0.876486
3.223226
-5.080051
2.301633
-2.610750
-1.958738
1.645936
-2.435553
3.955070
-2.115824
-0.739207
-3.808980
6.025249
1.331349
-2.042626
-2.755276
-2.767023
-0.895279
1.729298
-3.378923
0.642129
-0.367801
4.598222
8.474818
-3.029440
5.593117
0.269783
-4.858829
-2.927760
3.654030
2.017737
4.979442
5.375799
-3.257403
7.137579
6.568004
4.721643
6.249037
3.068071
1.500022
5.861275
-2.077791
4.633071
6.821915
4.423904
2.309258
3.382017
-5.335833
4.253324
3.696416
4.083324
-0.932697
0.072924
3.315710
-4.224608
2.241010
6.966743
-2.256279
4.430502
6.894925
2.638635
5.510127
1.166093
-2.942753
-2.277036
1.825705
-3.387005
-0.880976
5.340617
-0.746697
-3.323716
5.391539
3.176072
-0.116471
6.064468
-4.149532
3.177366
2.358354
-3.256552
0.986879
3.517788
5.093703
3.042821
2.330955
0.069299
6.268247
2.146713
2.891259
4.667276
6.194924
0.929491
2.660697
5.186170
1.315584
0.897142
2.907023
4.379710
5.217771
-2.424097
-0.783386
5.063618
5.984664
6.284870
7.535076
3.617763
-3.395512
-3.314633
3.835359
5.426865
0.953337
4.768633
6.086573
5.626785
-5.902313
1.014341
3.893417
4.475601
1.981240
4.571909
2.914947
3.549522
-3.657843
-3.494607
4.646476
3.362380
-2.967601
-3.013853
2.761082
4.708594
6.459828
6.729217
-3.220993
-3.253527
6.450384
5.406925
3.532679
-0.447023
-3.512973
-4.099426
-1.305756
1.636557
2.735879
5.364238
2.776044
5.983502
-0.142082
5.022153
-1.749632
5.574433
-4.007443
-2.916167
5.761131
4.267090
-7.009567
3.859571
2.093604
1.380087
0.903352
5.750825
5.050581
4.445886
2.561846
1.152423
-4.941686
4.401342
-3.006201
-2.038094
2.583399
-1.830319
-5.061483
2.088777
-5.171805
6.793310
-4.113884
-4.904909
2.773557
2.589545
7.451100
-0.695159
-2.431911
4.288821
-2.294141
2.928170
0.621381
-2.030200
7.662026
-2.946535
2.815305
5.554058
4.058395
-1.802933
1.523258
-1.972165
5.366599
4.272239
-0.095603
-2.566598
-3.058778
3.008381
-2.337378
6.299578
2.407070
-2.690121
8.551297
-0.946152
2.895536
8.939380
4.145202
5.884218
-2.501461
7.709749
4.282291
3.843183
2.065884
5.479419
-3.219270
2.895039
1.885485
4.146541
-3.792980
3.710044
6.462272
7.682995
-3.401398
5.976094
-5.307483
0.413154
4.551463
5.403354
4.225864
-2.924112
2.927958
3.472781
0.946363
2.267203
2.659001
-4.572853
6.641806
3.435949
4.005857
-2.253172
5.122485
2.881569
7.234262
4.408958
4.299493
5.258323
3.243501
-3.100047
-2.485345
-4.422668
2.838591
4.538690
3.050598
1.861728
-0.597322
4.718495
0.714026
6.488273
2.056862
7.655460
-0.737911
2.825765
3.391135
-3.301969
-1.425619
4.285840
8.390084
-0.305967
4.467552
3.275773
5.996565
-1.655816
5.698557
6.466701
6.472989
-4.631173
-4.653109
-2.900676
8.516899
-2.110124
0.156473
5.638609
5.836734
4.295975
4.579845
3.373703
2.835992
5.952413
6.620353
4.836131
6.291414
-1.752283
5.457404
-2.264402
-2.339616
3.975743
-3.737808
1.574438
-4.554463
2.461967
-5.732568
3.695453
0.440726
5.952540
-4.510653
-4.861000
3.173660
-3.074208
5.203837
2.971323
6.181619
-2.087287
0.586213
-4.775732
2.761310
2.720859
4.953173
-2.321408
-5.875044
4.316616
3.590504
0.999340
2.511384
4.604543
4.753555
-1.658484
5.444636
5.101165
0.679054
3.002995
0.302410
3.735956
-1.438912
2.199919
-0.951803
5.907220
1.918090
5.535827
7.627547
2.846200
4.933961
-4.524977
-3.099763
-4.018432
1.766279
6.917216
5.232821
1.074796
2.832631
5.861899
2.298643
-5.117192
5.766262
5.925588
-2.351781
0.611158
5.893108
3.907122
3.271707
2.880289
-3.189022
3.884516
5.591684
4.238225
4.355526
5.822843
-4.862376
-4.043416
4.241859
-2.458949
6.043825
4.018397
5.056857
-2.019080
3.150287
-1.796055
6.823874
1.111440
-5.043673
3.182516
-5.315765
-5.023058
-3.069162
2.258482
7.404825
-3.186038
-5.113849
1.306985
-2.800115
-5.364576
1.558864
3.081914
-4.124960
-4.385917
7.333571
-2.162875
4.268872
2.407270
3.794361
4.397328
2.745377
4.607550
3.798590
-3.209268
6.016295
3.493186
6.223337
4.332747
1.350201
5.477527
-3.813880
2.671163
6.454563
3.294537
6.303442
-5.121430
3.008876
5.583357
8.068136
4.643363
4.905141
-1.977436
2.334294
-1.338867
2.789500
2.306026
3.540038
6.355751
-4.291169
3.118830
-3.523008
1.849291
4.612718
6.559980
2.858681
1.843849
6.434006
3.592795
6.615072
3.880627
5.155539
-2.368917
3.032286
0.194088
4.642864
5.920943
3.676667
-4.285035
2.914388
4.894913
-2.340131
9.468377
4.847917
-3.146099
5.105029
3.062267
2.603826
4.924565
-3.711745
4.680272
4.388477
3.744529
2.684883
4.469708
-2.473820
7.091457
3.461304
-5.238303
-2.899316
2.125529
4.985795
0.521124
4.933538
-3.733474
-3.695101
5.264022
-3.430795
0.704411
-5.616215
3.554412
-3.549095
-2.841651
-1.400921
3.032909
-2.221471
-2.420618
5.988679
-4.822589
-3.904491
3.839934
4.064950
-0.564778
2.799399
2.352678
-3.818645
1.987832
5.380954
3.289576
-4.319239
6.199406
-2.194886
5.204618
5.114681
1.094920
6.355905
4.242379
7.954629
-1.779767
-3.532481
2.879530
5.592349
-2.112260
-4.570039
4.796972
2.909870
4.431573
2.344544
2.406333
1.919962
4.182170
8.993512
1.935519
4.101416
5.122963
2.793415
2.044155
1.980787
4.043687
2.322927
-5.031821
-2.703968
-1.235925
-2.273396
4.191380
2.866006
-1.509294
1.182311
-1.717261
-3.123692
4.777278
5.927360
-4.364221
3.055829
4.780295
1.743038
-1.711614
6.864152
8.611744
-3.857787
-3.601599
4.595828
3.605994
6.265491
-3.051625
1.235669
3.817761
5.391181
-2.385544
4.088020
3.474532
4.317725
4.611700
1.617504
-4.266226
3.153782
4.421338
1.088742
3.103345
3.170147
4.015485
3.356609
7.021652
-3.658293
10.251483
3.863660
-2.803021
-4.693528
-0.994801
-2.894227
2.838349
3.046206
-2.753284
4.104917
-3.848465
-0.018029
-1.549261
2.207019
4.677556
4.019029
3.699954
0.959724
-0.451110
6.735476
3.563652
-0.657766
2.669738
4.316593
2.261849
-0.304982
2.791184
-2.842339
5.575242
1.063498
-2.298582
-0.980738
-4.501871
3.029489
3.799172
3.770571
-3.162540
5.275873
-4.092259
-2.470258
-4.489893
-4.356298
5.682526
-4.237140
-3.770733
-1.253454
-4.349773
4.728862
-1.606616
-3.646031
-1.491826
4.655281
5.406990
3.376804
3.128664
-4.527498
-4.025437
5.969346
4.855785
4.205824
2.726196
2.443930
3.070100
0.180129
2.895633
2.399263
-4.253144
3.389865
5.611722
-3.927091
3.734036
5.079734
4.577270
-0.005676
4.759134
7.558291
4.324544
-1.489239
-2.550346
1.098250
0.867242
3.530022
-2.548849
2.679725
-0.895845
3.400906
3.295998
6.045456
7.183501
-1.882297
4.800661
5.686746
5.170151
-3.472687
3.243552
3.641929
4.462475
4.783223
3.490722
6.641843
2.368529
-2.396039
2.483432
2.589767
-0.524345
2.932519
-4.284472
6.975261
-3.348683
5.361835
3.250709
0.187135
-5.031715
0.507225
4.755566
4.223577
-1.881061
2.613508
-4.656858
6.516273
-0.948971
5.364828
5.458699
-2.700505
-0.032420
6.438107
5.702681
3.939606
4.461683
2.232213
0.832994
5.872246
4.224074
5.822259
2.566654
-0.257005
4.272727
-0.935269
-4.759129
-4.446950
2.829296
-3.888462
3.169223
2.272576
-2.547881
-3.596327
4.018246
-2.785157
4.160279
-0.173032
5.089957
4.451083
1.390206
4.020649
1.672650
2.336295
3.210252
2.904843
6.512271
2.651727
5.336306
4.627204
3.365484
3.609803
3.947030
3.228303
-6.621535
8.193424
2.041774
-0.998512
1.295915
1.341844
-3.205736
-2.031314
5.657465
-3.440397
3.118490
2.657831
-3.291785
3.605999
-2.248342
-5.651667
7.043779
6.285976
-1.401409
5.704015
4.818630
4.398206
5.269692
3.509565
1.030033
3.985274
-2.232747
5.851362
-2.699465
5.064293
1.474904
3.121676
3.564772
1.471248
-6.094977
3.196987
4.031742
4.350234
-2.993859
7.686469
3.739160
-2.982183
5.912755
4.407966
3.849770
-7.106698
0.388495
-3.092099
-2.437736
6.610198
3.360098
6.655578
6.193433
-3.185506
-2.821193
0.975762
4.936704
5.024252
4.168228
3.176373
0.165342
3.343085
3.143426
-0.095568
5.980583
5.442678
4.254091
8.428510
5.247980
-0.787095
0.686522
3.545264
-2.454391
-0.255013
5.295367
6.116858
4.079901
-1.565129
3.823108
-0.001701
3.904649
5.054627
3.057655
3.700586
-4.829860
1.775963
-1.667157
8.213446
2.235044
5.219958
3.366404
3.889073
-5.431809
2.800227
-1.755041
1.607917
-2.425865
2.642970
-3.302286
-0.078072
-1.642741
4.763267
2.173569
5.706891
5.811308
-2.046647
4.360014
8.945055
-2.935821
3.791893
3.539978
3.155675
-2.391008
5.009110
6.710348
-1.162134
4.236680
-4.200103
-4.202451
-2.156006
3.225166
2.474182
-3.352182
0.699349
-0.161343
2.442663
1.267422
4.987470
7.370666
-2.850165
-3.244324
4.517337
-4.179844
4.845934
4.896834
-0.901858
0.814123
-2.869270
-5.445083
-1.107612
3.101925
3.053899
-5.595101
-4.832422
-3.601671
1.955034
4.031227
-2.191961
5.761227
4.582640
3.722164
4.580715
3.490410
-3.363495
-2.658638
-2.597079
-3.791893
0.441156
5.075533
4.368471
2.111318
2.412647
2.462698
-0.447286
3.115800
-5.109442
2.698921
2.834058
-2.553959
4.595330
4.232866
2.066443
7.285048
-2.550526
4.381883
3.746168
4.843154
5.112743
4.526141
3.486268
3.175870
-2.934752
0.168517
-0.224926
7.108105
-4.118839
3.917075
-0.503471
6.064215
6.048488
-1.593907
5.439195
1.360953
-4.228401
4.671823
1.705460
2.285781
1.401138
-4.256136
-3.765178
-3.363653
7.008646
-2.122640
6.745195
-0.874402
4.360982
2.372523
-2.664562
2.300515
-1.901473
4.193920
4.839603
-3.619315
-2.615985
4.923766
2.819579
2.186480
-3.815589
6.244287
-4.486087
0.327229
4.079917
-3.754003
3.051207
1.812651
1.816350
5.634027
-2.235654
1.849830
2.128863
6.176894
-5.053992
6.632850
4.855422
-4.625792
-2.801270
-0.378946
4.482936
5.708289
4.141157
3.239078
-3.016715
2.860582
5.173290
-0.920804
4.644473
-0.512123
3.756761
-2.477510
1.201043
7.361455
6.986230
2.701733
-1.627650
4.803003
4.716123
5.725235
3.542800
2.683971
2.949917
7.988101
1.131407
3.493675
-2.935210
6.212334
-0.370380
6.129447
-2.529392
0.553081
-2.189047
3.523144
5.437087
1.750818
1.424348
-2.736682
-3.529743
-4.676645
0.048182
-2.663327
6.469449
4.209114
-2.954907
4.431200
-2.632607
0.516282
0.407232
5.682207
4.718727
5.841550
0.568693
6.524659
1.630353
8.293125
-5.700231
-5.968497
2.266793
2.490153
-2.127456
5.475467
5.209469
3.006739
-3.419384
-4.281794
2.702625
2.516714
-1.284909
3.353458
5.994552
3.514794
-3.514104
-3.747188
-0.436241
-5.326066
-3.498623
-2.439003
6.714365
3.194449
-0.679390
-2.285924
6.056592
1.119959
-4.698994
2.037757
1.697023
8.502327
2.540238
0.880720
1.517010
4.456871
2.008153
-4.542612
6.600364
5.793638
-3.394469
-4.214947
4.701475
-1.234552
4.514988
1.480240
3.311402
3.850029
-4.982898
3.116387
4.654792
4.074794
2.790606
2.998041
-1.227226
5.589018
-0.669983
3.786508
4.102142
3.558028
1.241013
-3.419728
-5.347615
3.312636
4.664163
2.496165
-2.069656
4.776493
-6.280468
4.627791
5.926078
-0.010449
-1.137709
5.897261
0.018308
5.312745
-3.005615
5.560110
2.042937
1.370460
-1.466207
-4.030409
0.569737
-2.111662
4.625695
4.503028
-2.639277
0.630224
-0.268073
-2.504244
2.479577
-4.743230
4.395199
-4.106003
0.777981
6.497586
3.901453
5.616526
4.102562
3.876395
-3.256418
2.444433
0.358595
2.006777
2.059258
5.377827
-6.537358
-2.128799
5.016261
2.205395
4.388464
5.857448
2.015314
7.279323
1.679329
6.090381
-0.491419
3.864824
-4.721451
-2.350647
2.759765
3.678034
1.520012
2.944487
6.526938
-3.025751
2.643335
1.857878
-0.869888
-0.356077
-3.361210
8.835511
-0.196669
3.277017
5.095122
3.545627
-0.724509
-4.964845
-2.281703
0.237184
-2.233165
2.755137
5.906341
-1.589572
2.729483
2.979996
-4.836894
-4.987590
4.290244
3.446701
-2.968703
4.239855
-1.805173
-2.886522
-3.963933
4.719308
3.516224
-1.786244
5.541899
4.924803
2.647927
0.806243
3.071017
-2.029591
1.180230
1.669422
6.376906
3.408206
-3.985093
-2.112383
1.252269
2.571135
-2.627598
3.968731
-3.128462
-3.619597
4.695122
3.109822
5.864159
0.578954
-4.558575
-2.553128
5.198135
6.129687
2.901307
3.151022
5.907266
4.990959
-3.761847
-0.534384
4.326703
2.354755
4.358422
3.053394
-1.222962
1.263138
0.658252
3.315032
3.322914
-3.465508
5.415894
2.071274
-2.235925
4.782397
-3.590829
-1.816510
2.976843
0.205710
5.462438
2.278554
0.450882
-6.257346
1.467649
4.143874
3.404010
5.434105
4.698189
-1.697281
2.921518
5.049449
-1.861244
-1.537547
-3.948693
-1.900621
4.506634
5.181681
7.782192
5.717868
4.001287
2.122254
4.741191
3.324176
4.189821
1.266084
5.334565
7.063186
1.886595
-4.361654
-3.736971
-2.713504
7.792939
3.354903
-3.128647
-0.360059
4.396977
5.031573
4.271384
-3.656122
7.623936
6.276225
5.715666
-4.210247
1.140364
1.093453
-2.746532
4.828771
6.141230
6.471708
5.164155
3.491293
-2.661220
5.639255
5.554426
4.428317
0.127060
-3.610919
-2.180062
-2.769223
5.023974
4.535657
4.729181
2.912057
2.876909
6.495112
-4.895710
-4.863616
-0.360694
-2.464901
-1.752331
1.763755
4.953734
4.153710
4.900319
-4.761172
1.301675
5.189416
4.984332
3.000721
-3.399580
-1.527670
-2.644566
-2.011903
-1.765898
1.687702
-4.748534
4.907872
5.358436
6.402743
6.669233
-2.684457
1.573773
3.399660
1.639711
-2.886370
-2.671876
-1.580859
1.510126
4.617305
3.941841
5.874171
4.801242
2.276859
3.890061
-2.575777
4.450081
6.820119
5.056636
2.072033
-3.023410
-4.827594
-4.566066
6.308577
-2.839373
7.886340
3.170556
4.250022
6.309089
7.044540
6.595758
-5.381639
0.946313
6.540445
3.354451
3.551236
6.050188
3.717577
1.724955
6.417099
-1.290046
1.700767
-3.501864
7.526255
-4.772303
-4.561794
6.475588
0.559900
3.094525
1.193122
5.224560
2.790154
3.286890
-5.881064
-5.907972
7.336121
2.826575
3.728828
7.703373
5.977524
5.124185
4.016821
2.373228
3.670965
2.269332
2.030576
2.925415
2.885167
-3.241204
3.098592
3.547621
1.780734
-4.385608
6.133716
-1.777219
-1.998648
-1.683503
-4.753614
5.995900
-5.705470
-1.870978
-3.415928
-0.186178
4.932652
7.096608
-1.282766
4.473412
1.617688
5.423236
3.098482
-2.623353
-3.331582
3.580030
5.962195
7.769113
7.028268
4.322636
1.963538
5.206094
4.846885
-4.151791
2.935669
-1.392941
-2.651905
6.497955
5.963914
2.419117
3.485824
-2.860354
6.825488
-3.303313
3.507557
2.556536
6.796785
-0.227345
1.539565
6.606955
7.412617
5.891797
1.388219
4.983209
-3.017469
2.813379
-2.151964
3.244828
5.147132
6.263000
4.225719
3.137695
0.695815
2.393715
5.156809
6.582721
-3.630420
-3.486996
-4.684222
4.019228
3.242404
7.772562
4.504166
1.170187
-4.873471
4.349476
-2.470396
6.982985
0.324278
3.094296
3.834677
-2.424402
-0.374005
-0.868803
-3.664058
-2.989779
5.598251
3.357161
5.335345
4.083271
2.271847
2.074525
1.641778
4.669201
4.448800
1.770362
-6.017638
-1.491204
-4.480136
-1.880352
-2.594760
6.139452
-2.837996
6.390777
4.164662
2.311784
-2.586419
-3.371556
3.202219
7.673155
2.823612
4.072105
1.830872
1.653087
1.529617
-2.913727
-4.352806
2.623651
7.327859
5.397501
-1.269160
3.573701
-3.964855
3.069594
1.071632
9.186721
-2.627315
-0.999313
3.018295
-4.012073
4.799598
5.557239
-1.293778
7.200426
-3.328192
1.462656
3.920511
3.586672
4.763137
5.271303
2.566965
-3.241016
3.885887
1.958408
2.273288
4.845605
-2.174385
4.885690
4.584752
-1.070376
-0.383152
0.191712
6.190525
-2.072206
-4.427719
5.115234
-3.457306
-2.635239
0.655165
6.255916
0.792949
-3.143864
3.369348
1.900022
4.213797
4.418756
4.484078
1.247379
0.885957
-0.392813
1.870362
4.297181
3.066265
3.049572
2.372175
-1.109284
6.211307
-3.788087
-2.083945
2.768534
2.717265
4.415209
0.718706
3.621436
-1.505886
1.166779
-3.327867
-1.013800
2.361577
4.895104
-2.406262
-1.624035
6.465693
5.067613
6.972124
5.660775
-2.215013
-5.547059
-2.452512
-2.234215
-2.899958
5.178313
4.767408
-0.300478
2.422720
3.799113
-1.980644
-1.965577
-3.447246
6.771558
-3.499973
-6.055000
-4.985065
5.157055
6.740409
-4.359874
1.635783
1.883102
-1.470458
3.096427
4.671585
4.891374
2.310058
-0.346161
5.548787
2.483724
-2.915127
7.554331
-1.306807
-2.172562
-3.288446
-2.187273
3.143242
5.235419
5.416687
3.504232
7.638817
1.921958
1.812864
4.119733
3.198952
4.861375
1.375657
-2.770812
-5.203021
3.426412
2.472071
0.001303
-2.609963
6.084925
-3.592120
-0.454600
-3.405992
1.838993
-0.960739
6.155195
-1.538811
-3.116915
4.292445
4.204842
-2.254720
6.134528
-3.770424
5.372857
4.487427
-3.562188
1.694911
-3.911203
7.895471
5.898570
1.588648
4.853656
2.736972
-1.669309
2.846604
7.650130
7.166397
-3.841544
4.144933
-3.703745
5.897286
4.483220
-1.894629
0.590934
-5.268394
-2.501381
4.681969
-1.494809
-2.250828
4.826751
-3.041838
5.490665
5.960794
4.251881
-4.098773
3.177897
-1.783422
3.467537
-1.294750
-1.724533
2.539360
0.618767
4.459311
2.970558
1.833132
-4.760517
-3.222098
5.139621
4.493618
-4.303793
3.673915
-3.761109
-5.366818
4.174155
2.386195
-2.724597
-0.289118
3.291492
2.975799
3.560336
2.651995
9.055113
1.401433
2.751985
6.402922
6.591193
-5.216908
3.937138
2.081301
-6.782574
1.418723
1.199494
-2.496391
3.271314
2.936895
8.064074
3.804908
1.797060
6.436686
3.643452
-3.099265
2.430316
4.080921
3.082677
-1.047021
5.005857
3.180184
1.596210
-3.353479
5.952694
5.485522
1.571410
3.597386
1.911598
5.707367
3.310000
0.639648
3.926980
2.510846
3.919913
4.561314
3.936806
2.083427
-5.517627
-1.963033
-4.349562
-3.323013
0.826219
-3.238583
2.560936
5.049095
4.662486
-5.106555
5.058499
-1.427314
-3.765537
4.900215
3.649108
3.940573
-1.510981
-4.147602
0.215811
3.401000
-3.903578
2.559948
2.906958
-2.251428
3.555351
-1.975991
-2.770067
2.845710
1.426088
3.267708
4.501845
1.048543
5.783061
4.122418
4.335723
2.834471
1.643574
2.822004
4.087185
5.060500
-4.917075
-4.248257
4.085239
7.588104
7.881022
4.938551
4.167163
1.944915
-2.604905
4.208782
-3.591547
5.138642
6.607603
-5.014710
5.435931
5.675921
4.225077
4.332071
3.057603
-2.703535
4.211542
1.423718
2.172702
-3.843551
-1.361977
-3.685184
-3.287259
-1.792803
2.477826
-2.941847
-1.702807
1.670227
4.084222
0.190651
-4.338425
3.548687
3.652502
5.454678
-2.467208
0.215865
1.836616
-4.027040
4.629919
3.063391
0.520597
-3.564151
4.449414
-4.532236
2.326452
1.477714
4.874469
3.711045
3.954516
-2.544677
-4.059974
3.671432
-2.034147
-3.723545
2.855827
6.402363
3.072710
-4.081381
-1.428019
7.073280
5.892896
2.057630
-3.923157
5.926967
-5.789108
3.441757
-1.212904
2.313795
6.370612
3.868728
2.523252
8.243925
6.153891
5.204422
8.109970
2.798154
6.751473
-2.240960
0.234525
2.854021
3.526824
2.507197
4.153006
3.354938
-0.788775
-5.496183
0.987362
2.622763
-2.921509
4.780342
-6.201252
-3.388575
5.579836
0.996634
-5.176488
-3.549402
3.126568
6.795174
4.982605
4.734394
2.504768
5.995027
-2.798082
5.495890
5.733700
7.235432
4.463590
8.727992
-3.783557
2.386009
4.831550
3.738167
-0.003417
-2.983604
0.838850
3.766155
-3.882453
-3.321691
-3.666416
4.088122
5.229612
3.745378
6.924445
-2.589133
-4.175065
2.061386
6.216132
4.807837
-2.651898
-1.878875
3.862300
5.377440
-0.015587
3.897913
-4.850966
4.128861
-3.005413
5.890401
6.553775
4.327805
3.884076
-4.900107
1.202451
2.350727
3.422563
-2.864729
-1.435748
-3.783862
-2.810695
5.230312
3.106124
2.706017
5.180417
-4.319075
2.889802
-0.585900
6.907540
-3.198405
1.210128
3.601737
-2.493343
-4.095348
5.297413
-3.854270
-3.494748
-4.995780
3.283679
3.017289
-1.394152
2.788122
-2.980316
-3.907710
-2.500791
5.037953
-4.522813
3.907633
-3.553441
-4.526263
-4.490172
4.876304
4.472610
-5.042801
8.318590
1.463510
-3.123464
-4.793266
4.940068
2.570269
-1.765397
-0.104326
2.280155
5.473890
2.759735
3.416557
2.127825
1.400873
5.123065
-5.717270
7.909501
-2.854713
-1.332883
4.754918
3.716231
4.547913
6.571209
-3.548778
2.275958
7.743416
-3.159758
4.428956
5.381285
-1.771785
3.944321
-4.511135
5.090918
-5.712014
-2.998236
-0.861295
-3.944174
-3.485351
2.443366
4.976307
6.062195
3.426590
3.628279
-3.412524
3.339877
4.054760
4.035496
7.156473
-3.325369
5.009645
8.227656
-1.710454
4.076011
5.335957
1.695514
3.471346
6.414936
3.341078
-5.210368
-4.757159
5.522498
3.593722
3.754528
-4.181533
-2.348017
0.817894
2.844593
3.671561
-3.001449
4.429258
-4.700640
3.176912
5.959749
-4.058262
1.490162
-3.074263
-3.649666
5.618615
2.967773
4.359275
3.769385
5.542927
3.084238
-3.367212
0.920161
3.605082
-1.492769
6.636792
5.080369
3.189072
4.344526
5.429819
3.450788
2.932297
-3.961838
6.797990
-4.815901
3.672998
-3.032228
-2.000540
7.499882
-2.951931
-2.450840
3.656555
5.976926
2.844226
4.347202
3.643138
-3.169774
-2.612203
0.714251
5.944323
4.569830
3.176336
4.629302
-0.852369
-2.170183
-3.237743
6.655461
-0.806142
-2.843810
1.402074
3.332534
2.048361
-2.582584
4.062301
-6.253471
-1.266495
3.838433
-3.920849
3.077475
2.792995
0.072403
5.259026
1.614312
5.407289
0.752870
3.554012
3.370364
-2.326497
5.307227
4.120182
-4.132051
-1.106838
-3.948391
-1.116096
3.107501
-5.663139
6.160491
-4.952513
4.855545
5.844116
5.492910
-2.755920
-1.468769
5.932065
1.109573
5.081149
-3.803050
-1.392862
5.294682
3.441463
5.292788
-2.195474
-4.102198
6.201196
-2.734508
-4.305258
1.529187
6.158486
5.509398
1.064014
-4.854333
5.069026
0.350009
-0.923710
6.499197
5.752974
1.114746
3.039487
3.173469
-3.921503
-1.475697
5.142555
8.849334
-2.135270
5.341714
7.998447
6.171520
-3.194521
4.133109
-4.965419
4.645273
3.511775
0.825296
-1.238161
5.441717
-7.710290
4.627000
7.240651
-6.409529
-2.747501
5.337581
4.335427
-4.132973
2.153724
-3.518008
4.799194
8.828129
3.229410
3.154082
-1.706507
4.995055
-4.100437
-0.679386
-1.606728
6.160198
8.094528
-1.124392
6.237201
1.038570
-3.281349
1.533618
-1.633918
-1.409567
5.720454
3.642980
4.519462
5.564436
1.836889
0.004992
-1.395475
4.858750
-2.882323
3.302061
5.886607
1.563357
6.289417
3.901087
5.142387
-3.873795
4.272420
-3.262520
5.042755
6.538586
-2.358006
3.665093
5.854850
5.716601
0.979781
1.335259
-4.366610
0.987491
-0.965964
-2.858496
-2.826629
2.991687
1.609622
-0.786006
-4.486137
3.384673
2.160497
6.804114
0.556771
4.964023
-1.053997
-1.689108
5.514769
-4.976483
5.406840
-3.700263
0.480444
2.008434
4.711781
5.902373
4.338105
-2.899729
-1.862021
-1.523849
-4.295253
4.557095
-4.606270
-4.573432
-3.276487
4.141240
5.806165
3.115580
6.555237
-0.708771
-2.796265
3.308279
3.933284
3.470819
-2.254940
-1.801571
3.587580
-1.060673
-2.559122
5.008105
-1.592250
7.377011
-1.489882
1.226609
3.543141
-4.098786
7.873675
5.784598
4.831944
1.529825
4.457475
-2.250939
4.403679
-2.049069
5.921651
-2.246798
-3.316312
-3.918562
0.467772
1.192374
-4.073693
-2.460359
-4.312003
0.614773
3.441703
-2.129064
3.944411
3.623956
1.412139
-2.442744
2.968157
-3.923821
5.739098
-3.406856
2.559180
7.232206
-4.016193
2.948129
4.212810
0.960769
4.571315
4.065676
4.029393
5.307653
-2.441817
3.326856
-3.322428
3.204571
0.482015
-3.846764
-2.496746
-4.966604
-2.675619
1.970493
5.285527
0.601170
-2.632061
2.084546
4.148887
-1.847670
6.618140
-3.346209
5.660792
3.972427
-3.543208
5.052517
3.142890
-3.170419
4.007851
3.877730
-3.872817
4.951960
3.910756
3.994710
1.447498
3.732529
-3.347256
-5.236921
5.910693
3.420383
-2.812148
4.771554
-3.533598
3.699781
-2.548680
4.539474
3.614001
-5.610072
2.698841
-4.370423
-4.950626
-4.589091
-3.593200
0.219964
-4.886533
2.378470
-3.825500
4.236222
2.581852
3.808622
6.660335
3.960777
6.521278
2.897100
5.328874
-2.549756
3.463714
4.202400
-3.778776
4.427190
-2.095896
-2.481645
-1.278307
2.209177
-2.359469
1.328207
-4.410734
2.802412
3.783051
-5.561042
2.986908
4.664718
-3.168967
3.686399
-4.539611
1.710686
1.716607
-3.087353
5.649831
1.750912
7.613298
5.502095
5.709883
4.741320
3.265462
-5.259053
-4.115971
-4.233125
-2.453336
6.348784
2.635175
6.244721
3.004979
1.638481
1.756727
3.535370
5.042192
-2.647393
-5.565069
0.912673
-2.338660
-0.784941
7.776899
-3.328899
6.393222
4.240086
-3.278594
8.336548
5.497060
-2.670605
2.300902
4.786156
6.251882
-4.417596
-7.176520
-2.101488
4.345346
1.592747
-2.372556
5.981502
5.705256
2.547130
4.531897
3.053088
0.164467
-5.341408
3.283218
-4.573157
4.843470
6.566221
-1.200787
-1.304204
-1.266078
5.568037
3.964796
7.526774
3.255115
-4.421592
-3.403838
4.637965
5.535084
4.384798
-2.643844
2.376479
7.257010
-3.308724
-2.727861
4.830248
2.473295
2.655879
2.358100
8.532578
3.358958
-1.149478
4.246217
1.775552
-4.267273
-3.754217
5.792119
5.072885
3.475312
3.150125
4.760111
3.114376
-1.026686
-3.294258
-2.434121
3.200442
4.736434
2.651712
-3.124337
1.235220
-1.420394
-0.462763
3.657896
-1.868793
-5.114628
5.728048
-3.178248
-3.308088
1.316879
-2.957571
2.621849
-3.675439
3.931953
1.339210
6.335947
-3.411521
3.545927
2.862405
5.675466
4.334265
3.025381
3.346034
-4.042055
-5.764910
0.372591
-0.034964
3.472731
4.761739
1.630770
-3.846654
-2.874704
3.595545
-4.699193
6.083894
-1.376461
4.389733
9.613532
0.465297
-2.743813
-2.533404
6.345444
8.115766
0.181549
4.789026
-3.929556
5.399916
6.008129
-1.311425
3.792802
3.055567
3.209918
-3.811172
5.749077
4.513372
5.994974
-4.840511
1.781077
4.136769
-1.907151
-0.731375
5.784448
4.299463
5.905798
-3.485353
1.481740
-3.571920
9.383014
5.073741
4.271992
2.181470
4.294723
2.450857
3.349998
-4.004161
-1.895894
3.411086
3.271554
-1.426661
-7.323936
3.741251
2.989006
5.896846
3.845924
-2.428608
-6.409244
5.894120
6.140646
2.673979
-1.845398
-2.487873
5.716031
7.007106
-3.630242
2.784747
6.047543
7.345338
8.901479
4.838930
-1.037002
0.404916
-2.070743
6.901940
0.893052
1.601530
3.293209
2.604360
2.108208
5.547386
-4.460596
4.436960
0.780321
5.387903
-1.281632
-3.174750
-4.944635
3.351310
-1.943725
4.020840
3.637769
6.219286
-3.394352
3.747325
1.139313
-2.351473
-2.476937
6.662957
4.435368
5.038512
-3.204161
6.921630
-3.555509
2.402711
-2.791232
2.191393
8.368540
5.484630
3.167837
4.279070
3.605600
-1.801651
5.493211
-3.908898
6.026211
-3.198978
8.817190
2.584582
2.244832
-2.062915
5.096800
6.382745
-2.210221
7.250681
-1.459208
2.786072
4.860534
2.304565
-1.282984
4.735937
-0.078627
-3.735275
5.531771
3.904125
-4.835745
2.157536
2.412945
2.784566
7.803645
-2.587421
3.460193
-1.550032
5.859242
1.383733
2.877927
2.365664
5.780917
-6.486425
1.925393
6.059178
4.961818
7.810160
6.025156
-5.504636
2.506041
5.852714
2.618046
5.490809
-3.198879
2.777798
3.601601
3.148242
-4.734549
-6.914959
-1.189075
3.294895
-1.988383
2.050382
-2.957419
12.460282
-1.941748
3.822475
-0.825815
-4.747056
5.191109
5.480560
4.532316
1.877244
-3.466270
-2.675406
-4.470597
1.923922
3.869801
6.262823
3.274770
1.739008
-1.184586
0.718889
-3.378157
1.623124
-3.888530
-4.373324
2.208593
-2.638279
4.410724
-3.762755
8.317736
5.203321
2.237352
4.752215
2.996749
1.824803
6.942085
1.616856
-2.784989
2.034668
3.125918
-3.627955
-4.164066
3.603426
6.505641
5.135399
6.062772
4.949890
2.320731
5.450066
5.459012
-4.474326
2.706035
1.579116
3.598613
3.213651
8.831860
7.737929
3.013144
4.513058
5.437442
1.346435
5.971010
1.650736
4.899752
6.377857
3.684277
-2.495376
-3.374205
-3.243837
5.668272
6.387667
-2.169961
3.303894
4.198325
-4.548906
2.874599
2.683487
-3.671736
3.700110
5.101313
1.597860
-4.259112
2.947887
4.596521
5.276502
-4.933270
-2.664376
3.839997
3.317731
4.074719
4.915999
6.771831
5.781950
1.129731
2.673186
2.204961
4.635307
3.447453
4.871702
-2.937097
-1.006471
6.430424
-1.917024
8.337092
4.555617
-3.266768
3.402055
1.895722
-3.953559
3.872121
4.033191
0.853739
6.850016
6.427380
4.405055
2.361489
-1.262677
5.285021
4.473940
3.636729
3.096803
-3.542745
2.862500
6.715085
4.330885
7.611690
6.291459
7.341698
-2.853816
4.958332
4.860089
8.356117
7.023298
-3.682958
4.527075
3.211538
6.328073
0.186566
4.654990
7.002030
-2.680206
2.708657
3.652521
-0.688299
-2.909874
4.620724
2.518415
-1.307527
4.082673
3.207869
4.212289
-4.314800
-3.417642
3.738145
5.608206
5.866585
2.269337
3.955626
4.438131
7.624390
4.221586
-4.155572
3.731272
3.435387
-2.219422
4.285454
-4.293920
-6.962519
3.531675
-3.694676
5.316375
-2.903265
1.556882
3.422502
-3.143344
5.340870
5.333748
-3.176362
5.921841
5.370031
0.978359
-5.401422
3.808807
-3.219482
0.196247
5.824773
5.004513
4.251588
3.814547
2.726701
4.035210
-3.869219
4.736968
7.069956
0.896227
-1.767496
-4.437751
-3.306484
-3.726570
-0.670385
5.192927
4.056201
-1.276789
2.044233
-2.090722
5.736586
3.312780
2.330406
4.039329
3.427401
5.686251
2.188929
-4.355564
4.586041
3.111661
2.903567
-5.113283
3.920467
0.335876
-3.312090
-1.361555
3.373794
-4.079782
-2.818561
2.193707
-1.546334
4.283462
-3.548382
3.641906
-2.462054
3.609564
4.053667
2.373625
4.257942
-5.780444
3.370581
1.687091
-4.436858
-2.846502
-0.787790
-3.394151
2.330112
-0.032076
-5.629165
-1.571861
2.277449
-2.398343
4.153907
-2.571787
5.799549
-6.033412
2.280471
-4.954469
7.456960
-3.429709
-1.709905
1.025222
6.952173
-1.707623
4.730841
4.626376
-2.280643
2.184506
5.181400
-2.731769
-1.526111
4.780191
6.695835
-2.309568
2.543016
-4.528370
-2.264376
4.428858
6.440626
-2.286009
-1.987175
4.112766
2.899582
5.985226
3.181218
3.312449
0.094668
3.284796
6.437723
-3.004890
2.973845
6.709447
8.041133
-3.281998
6.747298
0.228175
4.331125
2.652344
1.200586
7.661292
2.790701
3.795918
7.398190
4.482586
3.673891
-0.961007
-4.320267
-2.217681
-2.840130
-1.320757
-1.692633
-4.244111
2.044911
2.628001
3.717034
-2.624525
5.505213
5.622641
4.456719
3.977584
2.216545
-4.684932
-3.986084
1.342814
4.820536
6.342794
4.306837
0.268355
3.796777
5.882267
2.138645
-1.022395
-4.126364
3.445449
6.977045
-1.446155
-6.697799
0.434086
2.034618
4.388389
2.639248
6.264218
2.779388
6.212842
-3.696556
0.747390
4.324570
-3.966905
-4.907318
3.423781
2.504222
2.666715
-2.598968
2.763994
-6.268858
-0.491939
4.766621
-4.358944
2.122901
-2.191375
8.251451
0.876178
-2.419146
4.817731
3.001245
6.240032
4.479248
6.970832
4.004896
4.289831
2.793531
1.266285
1.931645
3.728283
-3.883322
1.711764
-1.431686
6.485097
5.714299
3.545185
-6.118247
1.855800
3.758194
-3.511762
4.763981
-3.938219
-2.496722
1.201574
5.922434
-1.614285
2.934561
2.195367
2.912896
4.807917
1.214426
-4.030774
2.701286
-4.684437
-3.094175
3.532118
-1.741561
2.518119
-3.015711
1.675070
2.400933
5.586777
5.832688
4.288034
-2.500248
4.568511
5.340200
-4.547796
1.014992
2.191942
4.272529
2.109870
1.308302
2.831281
-1.882570
-3.068876
-3.813280
1.226772
-3.411870
2.689093
0.527939
8.725822
-3.627720
7.339816
0.388362
-1.849796
-0.876961
-3.190820
3.133694
3.671929
6.593711
4.748137
1.946780
-1.102082
-3.935373
-4.086000
4.162717
-1.482222
0.508029
-0.429880
0.427942
2.430386
2.222129
-4.542499
6.967376
6.121683
6.644211
0.964124
-3.315544
3.766076
-3.492002
3.219465
-2.594868
2.210178
-1.442517
5.397489
2.776377
1.382743
4.292245
2.122850
-2.610011
-4.288052
4.367739
7.006323
1.528538
5.769614
6.843209
5.056386
2.896403
3.503272
-3.355207
1.324770
5.849691
-4.729906
2.697805
3.716270
4.850341
7.129744
-6.153808
3.905896
6.618456
4.771704
3.927522
-2.836013
7.649100
3.531443
5.101061
-2.383076
5.499333
-2.280895
3.112953
-0.967265
-5.934660
-0.909978
5.880725
2.099091
-3.951793
-1.266098
2.808365
-4.323482
-4.126715
1.885325
4.998788
6.937756
-2.670284
4.595303
5.553424
6.690863
2.375848
3.229145
3.288232
3.606213
-2.139268
1.406014
-3.030853
-2.310595
6.042050
-3.155258
3.878849
5.688953
2.815173
5.569675
6.633894
6.970368
-2.768214
-2.750944
6.132086
5.180989
2.140726
-3.339615
5.914321
7.521994
-4.206724
-2.957845
3.778998
4.874898
5.652615
3.363672
-5.051563
-1.620188
2.148764
1.103904
-4.875820
1.072579
6.052661
-1.200606
1.766115
2.565299
-3.569063
-3.885368
-4.004074
1.437068
6.204680
-2.227519
-3.254080
-5.268147
4.245283
6.790493
-3.644001
0.773747
-2.434097
4.958654
7.216035
-3.331529
2.702109
3.940917
-4.271629
3.008231
-1.095904
-3.316146
-2.091814
-1.447237
2.041162
4.797794
2.808503
-2.345824
3.690843
-1.239968
2.391169
2.621894
6.386763
-4.608239
5.177057
5.963472
-2.717831
-2.049238
3.427041
2.376483
3.259080
-5.036940
2.283212
8.737088
-3.893008
3.953320
4.054384
3.129827
2.903840
4.099439
4.111917
-2.776999
3.477790
5.044509
2.346216
2.735116
-3.638205
6.685711
0.252981
6.128045
3.007538
2.799676
3.600258
-5.130115
-4.480716
5.626956
2.344810
1.685199
0.981083
5.803255
2.303330
-3.683886
-3.658188
3.908637
4.835487
4.455345
4.755306
2.782554
1.808834
-0.264484
-2.348770
-4.035953
1.782803
-3.745792
3.508134
-1.229194
7.097446
-4.441836
0.542804
4.080584
3.714428
3.290808
-1.995208
5.373412
6.810509
-0.899639
3.939148
-1.169960
0.327976
5.874755
6.710505
-2.049904
4.259482
0.058833
3.648065
5.385239
2.434193
2.182852
-4.608491
-5.084569
-1.971465
-2.801406
2.672880
5.779569
6.918193
4.619085
-2.081063
1.461104
2.645311
-1.881789
5.900263
3.453799
4.006891
5.264153
3.787976
-2.949244
-3.046549
-3.979039
-4.084169
6.125358
2.800165
1.157344
1.694016
-1.630215
1.999963
0.468234
-4.877182
-2.400332
-1.539670
0.782915
1.706791
-3.456127
1.964690
-3.630237
4.697195
4.176293
5.739310
2.398054
-4.819761
3.115350
-2.341673
2.471779
2.765941
5.652495
6.206158
0.799743
-4.101790
5.046766
6.957216
-3.087309
-4.345269
4.979296
5.832216
0.670156
2.903872
5.711840
2.792662
2.111266
2.395753
-4.918820
5.759797
2.303235
5.355209
-2.900238
-3.181929
3.246385
4.727849
2.658348
4.897792
-2.180750
2.785750
-4.128031
5.317518
4.539415
-1.900655
-4.902239
2.112779
5.781228
2.539856
5.705340
4.616683
2.315045
-3.281528
-2.821910
4.845756
5.478952
2.685376
9.818574
4.763960
3.342878
-1.529102
5.134479
4.391291
-0.774963
1.900896
1.052431
-3.986685
4.700998
-3.583721
4.887461
-2.646031
6.839288
4.473307
3.852815
-3.017504
-6.246585
1.377019
8.220050
0.661367
1.188054
-4.469625
4.496396
5.070227
2.484825
6.172089
-0.720456
-2.652859
3.393718
-3.125880
-2.809605
3.996361
-4.526692
5.328905
3.003022
5.633524
-2.720364
-2.753673
5.600005
3.878515
4.498413
-2.193026
-2.524116
-3.959412
-0.673670
1.616696
2.383643
4.564410
6.050834
-2.265887
5.110583
5.752943
5.105480
-3.604258
-2.240230
-4.648315
-1.759719
5.876569
-1.831876
2.823608
-2.321563
3.567276
5.453349
-1.208281
1.099516
0.333461
1.425600
6.489455
4.445266
4.706908
4.980605
-2.718704
-4.308751
-6.862737
4.443128
3.725157
2.248151
-1.814293
3.179379
5.530738
4.197198
-4.081230
2.633347
2.336981
6.099411
3.868807
-2.811140
1.888588
6.333915
4.098539
-3.263396
2.635104
5.397300
2.808234
-0.912252
5.229292
5.840515
3.165556
5.047855
5.356712
6.847669
4.602371
-2.873187
-5.121889
0.853065
-3.646107
-2.590276
-2.754102
4.559280
3.363448
-0.649490
-4.963629
4.795574
3.513052
1.287747
-2.845287
3.616297
6.394209
2.771930
7.814677
5.629656
-2.154207
4.734652
6.913087
1.214053
4.794805
5.174325
6.782045
3.046480
6.104823
4.326788
5.664365
-5.527234
3.338689
4.525007
3.734678
5.164612
4.071264
2.108506
4.599333
-0.762149
7.180684
-1.604788
-3.297546
3.253393
3.786560
7.650179
6.977414
0.990135
2.424569
4.238358
4.163841
1.586782
7.163306
6.794168
-2.856273
0.290599
3.742898
-3.162080
5.226824
9.755520
-2.450457
5.860012
-6.312679
3.022507
5.063478
-5.523652
3.018755
-2.447953
4.673957
-0.534342
3.784221
3.134063
4.059800
4.041674
6.821290
-2.571758
3.987892
4.982895
-3.018571
3.276172
5.082527
3.506694
5.889273
8.255623
6.996920
4.173384
-4.263594
5.866011
5.927364
2.419280
2.594616
2.675836
-4.041590
1.783673
-2.628833
-1.194418
-4.288729
0.979427
1.762239
3.047991
6.144239
4.591665
0.457833
-1.159860
-0.036565
6.179283
-1.174417
-3.071563
-3.080968
3.744799
-0.237434
7.765800
-0.870125
-0.415470
3.414321
-6.982124
-1.812916
3.061153
5.301270
1.964274
5.389526
0.657116
-2.514409
1.699455
4.554103
2.532494
-6.319491
3.565118
-0.582728
-2.329949
-5.474682
4.544094
1.701574
-3.505153
-1.818677
1.297734
4.189041
-3.334997
4.618062
5.849084
-2.120433
-4.079037
4.651567
5.428660
1.285752
4.760312
4.195856
8.861464
3.855101
3.895897
4.412098
-4.430677
4.512785
5.616960
3.812167
1.759370
-1.522863
1.448202
-4.293707
5.141712
2.994942
-4.163110
0.745562
7.801968
2.120532
-0.277792
-0.866605
4.996553
-4.192522
-2.451534
5.918609
6.137596
-3.001308
-0.849191
0.687106
-1.634348
6.051656
2.610044
3.198084
2.721709
3.913408
-1.964115
2.553968
-3.077720
4.518354
5.250190
3.920812
5.262553
7.349604
1.047135
-4.776308
2.669760
3.470308
1.931880
4.522979
1.800359
8.263551
2.176299
4.597587
5.671060
2.611393
2.033760
6.507092
4.427880
6.817563
-1.145750
-3.029616
3.342346
-2.559698
4.192851
-5.717150
-4.843595
-4.214619
7.157365
3.547088
4.611882
-4.844656
2.540306
-0.888014
-3.861904
3.207552
6.891672
-2.609345
4.562796
5.245288
-3.265128
6.491333
7.753550
4.933115
-2.499178
2.622752
4.661796
6.677770
-1.415740
5.529691
4.244734
-1.653422
5.109910
6.595056
9.093623
5.848486
3.125951
11.000016
4.927454
5.336463
-0.161976
-4.412849
1.342695
-5.290614
-1.961407
1.771053
1.606847
-2.546571
-2.573084
-1.631644
-1.993429
-4.091877
-4.696076
5.914647
2.889254
-3.107015
3.290387
1.955405
4.705747
3.526184
-5.290684
-1.878069
-0.390418
-1.052717
5.233808
5.944449
6.629828
-2.367443
5.953358
-2.615259
4.748722
8.644732
-3.909036
-4.018622
2.642229
-1.587986
-4.358250
7.606602
-4.129391
5.561984
6.949700
5.107235
-3.752452
3.345661
0.645439
-2.084109
6.359767
-7.406084
6.729650
6.009285
1.903206
2.608291
-2.455794
4.347724
1.934164
5.638691
5.698152
4.142079
-3.575766
-3.008175
4.703722
2.249966
1.196634
-3.386743
5.963920
-3.419474
-3.092204
-3.076801
-1.407039
0.717000
-1.126325
-3.009517
4.112393
4.543485
7.043794
-1.671354
3.168059
3.274680
4.979857
0.142199
4.582458
-4.425742
3.954346
-0.853768
5.052967
1.714697
5.837175
4.938833
0.965116
-3.308369
4.165202
-3.687171
4.144866
-3.278983
3.546620
1.846755
6.401264
2.923291
0.726575
5.150869
2.049162
0.908124
-4.047305
4.515462
3.254575
3.202412
3.447220
7.231924
-1.564988
-1.063051
-3.568297
3.910382
3.282012
3.207486
4.206732
-4.231805
2.407519
1.091240
4.463775
5.329746
-1.542942
5.570152
5.991568
-4.152168
-3.329581
-3.138171
3.402683
0.927264
-3.270853
5.286276
-3.340184
-1.329237
-0.290610
-3.021516
2.334705
4.173409
-3.590312
3.290051
-3.204413
-7.622736
5.584409
3.608324
-2.459844
3.960147
1.948898
-2.401787
-1.001558
2.228614
-6.258242
4.192215
-2.303332
-2.627659
-3.521332
-2.845891
4.113507
-2.050023
-3.854652
0.279977
5.055566
2.981513
3.232743
5.081654
2.186798
1.648423
3.088164
3.060470
-2.470135
3.042865
-2.584875
0.326306
4.063051
2.194008
2.445792
-2.505210
6.955846
-4.992262
1.057319
-2.991301
5.808943
2.825685
4.540431
-0.489381
-4.202766
-3.554455
7.888786
-3.465764
2.464234
4.175572
-2.652351
2.934297
1.891514
4.741093
-2.958509
4.022146
3.777742
4.116718
-2.792208
5.710330
7.711086
3.264811
4.512393
-1.058786
2.504780
3.177161
0.915662
-3.250419
-2.908843
-4.853432
5.692738
2.439605
-1.858928
2.146706
-0.697977
2.514128
1.998944
-0.996102
5.384323
-1.584676
-2.771994
7.259502
3.562447
-4.571248
6.594468
3.106345
6.376888
0.821710
5.801899
5.957703
2.136250
-0.408957
5.722838
4.760512
-6.711368
3.970078
-3.649825
4.071054
3.768167
5.180996
-5.035072
-3.034658
5.938935
2.251268
3.217570
0.357913
4.130954
5.254638
0.948319
-2.638403
-5.291704
0.750923
5.214511
6.116426
-1.610435
-0.632663
6.121464
-5.361616
4.599539
4.937655
-5.035802
3.799940
3.301623
7.237908
-2.392083
-2.352215
-0.311098
1.156895
-4.342556
3.852805
1.683703
-6.007924
3.074796
-2.944486
3.191984
-2.309112
2.469724
-3.782975
2.525083
3.655162
3.535985
2.440326
0.777028
4.512006
3.761212
5.729156
2.364102
3.856323
-4.616606
3.442463
6.548472
2.328698
7.077736
0.525323
3.167867
0.950935
2.315927
-3.187012
-3.641069
5.835502
-3.509253
1.859669
5.644253
-0.188998
5.503004
0.825573
-1.618059
-0.319804
-4.442728
-0.340789
3.196248
5.416752
6.095343
6.783232
3.858608
4.862875
3.659098
-2.582120
2.270459
-4.736934
4.761635
5.067722
3.006895
-3.760821
-3.582069
1.653625
-3.001251
6.335516
5.448572
4.265058
-5.719844
-4.671501
3.083929
-1.073689
1.872537
-2.898898
1.824930
4.121624
4.293513
3.264974
5.330220
1.731325
3.752402
3.966460
5.535359
-3.372516
3.633824
5.505079
6.028092
4.336834
-4.399794
-1.323064
1.556410
6.856252
3.148272
7.663706
-1.576120
6.296718
3.779094
-5.861767
3.234177
2.976351
-5.124596
-5.224857
-3.878348
-3.557960
-2.432910
5.817642
3.056615
4.886485
5.803203
10.268918
-4.456449
1.009908
-3.334606
3.720603
3.964334
1.942756
8.071790
5.421564
3.658479
-2.926090
6.293240
2.257386
-1.332734
4.125310
0.414616
1.958892
-2.241426
3.151646
4.208296
5.176374
-2.552732
5.973478
3.393710
3.363859
-2.729722
4.648113
3.346287
0.583990
-0.801247
7.044863
-2.011527
-1.679322
2.941093
4.312938
2.620866
4.225068
3.550822
2.437477
-5.619720
-2.157054
-0.397194
3.311364
5.071595
1.962375
-2.806521
1.472575
-1.368956
-3.111575
1.189787
-3.199399
7.436066
-1.199508
3.378392
3.332943
2.240899
-2.984004
2.942579
-2.115766
3.385433
-1.947249
3.536947
1.718437
3.581202
0.814186
5.345076
-3.094949
3.701395
4.616139
0.827942
0.853282
3.296599
-1.757227
4.639606
-0.192253
-6.919480
3.964145
7.473502
-2.813087
1.795839
3.050694
3.426366
3.158317
8.412121
-1.534172
7.443651
6.909620
1.752013
2.569216
2.817341
-3.990462
4.340626
-1.876453
5.413313
2.030872
0.180925
-0.671934
-4.969021
3.967884
5.859968
-4.933007
-2.035730
2.907621
5.523262
5.969967
-3.329883
5.022723
6.123001
-3.789684
4.472425
5.615735
-0.104114
-1.396469
4.779880
-2.490407
6.801126
-6.188712
0.458691
-5.775723
0.098216
-1.424082
3.854546
1.437149
2.658277
3.056360
-1.105533
-6.660410
-2.701845
1.080527
1.856662
-3.813080
4.063585
-4.844379
6.230655
-1.192881
1.841123
3.136964
-2.863826
2.388748
-1.561240
3.001331
6.038627
4.328534
4.129179
-4.363971
5.392194
-5.179094
-2.771083
2.240542
6.980673
4.308523
4.292789
6.454021
-3.625187
0.998464
5.425953
4.926327
-4.161421
-4.722249
7.348154
2.836053
-1.477280
-4.018213
3.555911
7.166541
-3.652646
-2.422202
-3.987494
3.931747
-3.160351
-1.560622
3.028723
7.556110
-3.000137
7.171309
-0.590339
-1.785116
3.345036
5.228508
1.623450
2.780024
4.711741
5.067918
1.914866
-5.589204
6.935701
-0.695201
2.739928
5.857044
3.510472
5.621818
3.888235
-5.626315
1.596028
-3.416170
-2.549456
1.280057
3.277316
4.115901
1.867739
-0.149738
-1.926766
3.776245
-3.751749
-4.048254
-1.145443
4.474353
-5.530522
-2.052742
2.484720
3.872286
4.933273
5.695187
5.930068
-3.122679
2.639043
-0.536725
-1.643594
-3.179117
-1.619103
4.932741
6.199479
-1.870976
3.024225
2.224397
-0.537790
6.921738
3.647876
5.437283
-2.927120
2.774272
0.154942
-4.708023
-0.361183
-0.984184
-3.380547
4.575679
-5.091966
3.815975
0.985051
3.939448
5.556231
3.208129
1.272214
6.430015
6.156693
-5.488409
5.060779
3.359315
-2.693496
-1.355886
2.158317
4.228027
5.574469
2.799762
1.706527
0.606892
6.242530
0.378958
3.923416
-2.148654
4.839727
3.165159
2.082002
3.086750
3.990578
-1.535567
1.672053
4.483247
2.932196
-5.797111
3.724001
3.716674
6.249467
-2.327076
-4.342773
-2.885486
2.684527
-3.714295
5.938875
-1.760884
4.636518
-4.069029
-2.784848
3.682843
-2.597908
3.984353
2.797588
7.303281
-2.172113
4.382685
1.776604
4.070149
2.594835
-2.048693
5.891020
6.275636
4.702634
3.229668
-1.661466
2.478062
3.964775
-3.995297
-0.649991
5.274240
8.210564
1.080635
-3.264300
2.925598
4.302393
-2.533757
5.922219
4.661665
1.337658
-4.589079
5.643149
2.894143
-5.096461
-3.180650
-3.552120
-1.725049
0.853164
-2.550606
1.023457
5.376434
-2.483535
9.412482
4.412933
4.095201
-2.126694
4.614578
-1.246524
5.037218
0.228137
1.718520
4.643799
5.400109
6.942467
2.585400
-3.635714
-1.376126
-0.914060
-3.556307
-3.751224
6.303087
-3.315995
-2.435588
4.334529
1.177992
8.187130
-2.675827
3.718532
-2.998596
4.483138
-0.688349
5.719989
-3.963814
2.912793
5.273481
3.765229
1.354835
-1.710261
2.103805
-1.998356
4.990021
-3.131215
3.960298
2.269605
-2.788144
-3.451886
4.316023
6.545311
2.133682
4.194894
3.638362
3.268935
3.435601
0.306960
0.322733
5.144186
-3.362692
-4.594419
2.187940
4.147737
-2.451712
4.028305
4.955394
-0.318812
4.760899
-3.947174
4.543113
2.197722
3.055163
5.139754
6.165355
-2.299798
4.872424
-4.331426
-3.558169
-2.261032
4.753460
2.280281
-1.204690
-0.056766
3.870056
-1.116365
3.875811
-1.378973
4.591437
5.600087
6.709379
3.429762
2.939927
4.947070
-1.679976
-1.898230
3.402570
6.421498
4.057828
-3.264667
4.919527
6.794042
-3.097803
-1.770933
3.807002
-3.401137
-3.861824
2.766803
6.604483
-1.975801
-4.398932
2.640625
5.782894
-2.296846
7.437465
3.940589
-4.133449
-2.530682
-3.572726
-0.132732
6.876617
3.333611
-3.498189
-2.021824
3.106650
-0.907896
-1.645885
5.300884
7.507294
6.948721
4.196423
1.936328
5.495084
-0.098048
-3.636495
6.291848
8.182785
2.906921
6.445323
1.494362
2.785824
-2.129066
-2.745338
4.398390
7.311266
4.399671
2.824724
2.410943
-0.853415
6.347308
-2.867367
3.161154
-1.833610
-0.143729
5.587896
-1.554711
4.079589
-5.222819
4.809322
-1.894725
-2.292257
-4.116768
3.182496
2.723857
5.034267
2.481029
-4.107935
-4.761239
-1.964125
3.512921
6.074132
3.733914
-3.077903
-2.881762
-5.256232
7.170166
5.697512
2.241172
3.021264
-2.618363
-3.357369
-1.474168
-5.148428
2.875061
7.034719
-2.726544
-0.005573
-1.955372
1.668771
-4.924649
0.134899
5.123213
7.274556
3.921888
-5.578164
-5.951295
-5.421474
6.092754
-1.873699
7.919974
-1.477995
-1.944693
-2.155398
4.550035
4.065507
2.322998
-3.210420
2.300126
-2.037294
3.890072
1.297567
2.939281
-1.612083
-5.129193
0.552320
2.231238
2.836515
7.393793
4.421337
1.404061
3.759185
4.441877
2.190770
-4.406859
4.549292
-1.744323
-6.620594
-1.970311
6.261606
3.837811
4.819836
5.975836
2.885470
3.833127
9.596095
3.987576
4.777871
4.612281
1.842230
5.076662
4.594291
2.393777
5.907126
3.364306
-4.889599
2.456316
5.008671
3.253564
4.804419
-4.183343
-2.760337
3.755657
4.118659
3.160593
3.798319
8.049005
-5.012151
-1.373088
3.616587
4.328116
6.487276
3.332919
3.615386
-2.135890
-5.509358
-4.345479
2.660328
-5.401938
1.155292
1.321505
3.170420
3.185379
3.352510
4.286959
8.190816
7.184026
1.201543
4.033341
-1.506301
5.789850
7.627063
3.064234
7.189717
5.042405
3.377492
5.342535
0.724680
-1.855797
2.886322
2.764579
-0.218034
0.169306
2.513202
0.700816
6.134190
2.490360
7.339393
-3.685458
7.243421
-3.107664
-4.942193
-1.412181
4.217133
2.092620
0.988965
4.684724
-3.591129
-3.097171
-5.042576
-3.636104
3.620508
3.192745
9.248935
4.467584
2.733152
2.363606
-4.474199
2.788750
-3.442998
-2.012425
3.232723
4.486444
5.729032
-4.542541
-2.318888
-0.408262
4.103925
2.019614
6.810891
3.177906
3.814913
-3.914944
-1.629488
4.714345
-4.044269
-1.024877
-4.716564
-2.333694
3.614141
-3.321065
0.439449
1.805157
-3.627470
3.981367
3.356280
-2.299381
-2.806036
1.779893
7.005335
2.124029
4.234663
-1.646150
-4.585375
6.893421
6.647291
4.523674
5.681613
4.976706
2.526915
0.799092
-4.642891
3.748206
-5.093879
-1.984559
-3.371275
-1.188794
1.855304
4.933853
-1.354024
-0.368724
-3.508529
2.793413
6.492573
3.611282
1.712096
0.576614
-2.469531
6.208851
-0.586872
4.062911
-4.264322
4.319111
5.453460
-0.433807
6.471817
4.441433
-4.947757
3.923077
-1.997158
-2.758084
1.149519
-2.346855
4.213726
2.129350
2.900900
-3.080695
1.874825
1.146415
6.055954
-2.593329
-3.353821
5.816466
2.389823
-3.407961
-3.403363
-4.812157
4.362254
-3.113218
6.627910
-2.401004
-3.355667
5.238375
0.576451
3.696047
