4.556871
4.647959
2.350330
6.698851
3.554308
5.521402
2.886863
2.650157
-2.550169
2.405486
2.944323
-0.170333
7.226954
5.126331
1.204015
3.606115
5.027096
2.237643
5.535214
1.527215
3.315336
4.477812
4.665161
4.391574
6.182320
2.786448
4.096556
4.950671
4.246447
3.497745
4.972940
2.354126
5.444072
2.184727
5.410282
5.558720
4.218816
6.451401
6.653203
2.482643
6.623956
5.231123
1.532880
3.023982
2.933745
4.757164
3.217781
5.653128
3.428023
6.150537
4.790056
1.291417
4.761007
1.082448
6.463160
0.576066
4.795841
2.084211
3.428361
5.168190
4.921599
-0.555546
2.867326
2.464173
8.254527
2.813561
2.712315
0.983931
1.404146
4.826169
5.226010
3.579330
4.033555
3.577210
3.199954
0.910748
4.553023
4.326794
6.346799
2.277557
3.214881
4.125694
5.002302
5.333316
4.317651
3.185706
0.934966
3.005447
5.382620
4.888536
2.374712
4.118202
7.042937
0.636771
1.346024
3.588479
4.837940
4.231099
6.753341
2.640802
9.091533
4.163434
2.268483
3.854908
-0.849313
5.646007
4.465632
1.355347
4.231623
2.754482
6.481304
6.768601
4.447268
1.812360
0.264665
7.375808
3.668537
6.698668
2.240109
3.214216
3.801577
-0.116106
6.495638
2.927554
4.114033
5.761130
5.708817
7.335096
5.452772
4.333874
9.424660
1.595233
5.376398
3.282297
4.987987
2.775165
4.833641
6.706005
5.088878
4.762700
3.273897
2.770218
4.970683
1.035925
7.750595
2.411524
4.396666
3.258059
2.631499
4.685072
3.311793
5.486207
1.912370
4.563308
4.485549
5.163514
7.722380
8.143920
6.726856
5.752533
5.100619
4.736426
3.488099
2.678460
4.823406
3.461254
0.617401
4.345182
8.168086
2.359050
2.459551
3.903024
7.564290
1.985220
2.792651
1.151266
3.550598
3.098048
4.795330
1.955793
6.099324
6.267945
1.039416
1.289749
3.283321
2.901371
6.116753
6.693283
2.783979
0.591190
2.850957
3.553456
6.664147
3.176652
2.660675
3.678885
4.378007
2.509770
7.416536
5.533600
-0.287757
8.848924
1.023669
5.390700
2.168798
4.969360
3.707004
3.622778
4.282198
4.493585
-0.089024
3.578718
6.948350
5.535961
5.064166
2.321021
7.019176
5.795165
7.403697
4.645962
5.216886
3.991246
2.859903
4.867898
2.005715
6.561125
0.804301
6.507771
0.700964
2.782491
4.128954
3.993781
4.157155
3.428221
-1.995378
5.151057
3.018487
6.262854
5.185557
4.101265
1.474703
10.171564
7.844201
7.828004
3.838433
3.835472
6.565156
5.243976
3.851775
1.326786
1.390040
7.473982
5.463645
4.185857
4.634888
2.681181
3.986684
1.549097
3.882551
2.230907
3.174467
0.305272
3.517674
4.482744
1.130432
2.411090
3.626968
5.421252
2.105475
2.422849
2.433110
6.990099
7.315820
-0.625874
2.102672
3.552083
3.502488
1.888493
4.333643
7.732564
2.538269
0.665104
1.767748
3.065966
1.954757
3.645822
4.249440
1.495561
5.783293
1.625555
6.572508
4.748663
4.032891
6.620960
3.634606
2.562397
3.036078
2.681924
3.352592
3.602880
-0.317028
4.873270
7.369557
2.004910
6.996364
-0.670445
4.124122
-0.772077
5.191508
0.882205
5.778004
2.675289
2.541662
7.722621
0.855858
5.110974
2.365842
5.209190
1.517391
2.532741
0.730030
2.678768
6.537477
1.359385
2.520173
7.206254
5.870988
-0.403220
0.696290
4.214988
4.275573
3.444283
0.255919
5.531862
0.302334
5.409541
-0.366662
6.671689
0.039057
1.388123
4.918678
4.177102
6.531145
6.297765
3.517369
7.112061
3.413199
6.588309
0.776821
2.549786
5.267175
4.685820
-1.865812
3.819414
3.529101
4.434405
2.089395
2.595454
4.808807
5.529798
6.558082
3.829003
5.930434
3.735617
3.140069
4.023458
4.017482
3.238990
4.020402
3.316475
2.983099
1.676663
6.535619
6.181421
3.171366
4.581003
3.369603
-0.581411
0.315713
4.158069
3.404500
2.693182
0.226360
5.063427
4.616461
7.217145
-0.308524
5.481242
7.828804
6.219571
3.862424
6.093033
5.470041
0.302976
2.383150
0.989011
4.033365
5.237822
3.597064
4.664469
3.336265
4.174931
3.842536
-0.865268
2.451935
3.793683
3.399548
3.912484
2.888548
3.873222
2.906103
6.394649
0.950067
4.796840
1.764489
5.556778
1.870136
4.440554
3.643485
4.935399
4.012510
0.690895
5.551836
3.677077
1.791295
1.665538
3.230451
2.812677
2.578371
5.350073
5.327273
3.151818
4.335321
2.398811
2.121315
5.034840
4.865089
4.241614
7.103642
3.096413
2.633908
5.954567
3.714217
2.504799
6.864836
5.813843
1.960153
4.870367
4.340239
2.378077
4.732288
5.750893
4.883193
1.742040
3.089788
5.073518
3.353556
3.175108
6.622724
2.367720
1.257743
4.196422
3.623680
3.254813
3.350968
5.910849
5.672423
5.588988
2.236320
3.553300
3.391363
5.548046
4.286476
5.717633
3.878598
6.579111
3.270725
4.710116
2.942350
5.660928
5.507021
4.631813
5.065038
5.593192
1.895255
2.590664
4.658783
4.674841
5.755959
3.414377
-0.092281
4.378186
2.692016
2.474160
5.012452
2.946445
3.921075
3.051494
6.384354
1.517312
4.635432
4.390788
6.657558
3.633030
6.808491
4.872544
0.172148
3.465745
5.075625
4.962429
3.650629
2.035879
3.057245
5.154188
3.943139
1.426642
4.941174
-0.389748
3.298591
2.046680
4.367733
4.521814
7.488807
2.863887
1.201221
5.363609
4.256536
3.068934
3.891023
3.609249
5.702804
2.507232
4.003256
4.266358
9.440366
3.629788
2.157074
1.189483
1.411109
5.718114
4.532299
7.981457
5.599105
6.745107
-0.257299
4.782362
0.030799
4.958106
6.120411
6.497365
2.322193
4.510694
3.408189
7.999884
4.668929
1.613595
4.011490
3.710653
1.993737
2.509111
2.694037
3.030440
3.446414
6.828756
1.893580
6.073309
4.998747
6.930176
6.562651
3.106470
4.635992
4.412130
0.318546
2.750528
5.860205
0.515214
5.069767
1.266887
3.836316
9.600149
2.587044
3.557002
2.924435
5.267891
1.195759
5.246505
4.386815
4.433703
0.404010
10.350266
3.727678
6.553405
4.666967
1.009488
5.456225
4.879216
3.120883
6.016676
2.857245
3.421079
6.108760
5.555099
2.926543
3.952515
5.886694
3.043001
4.551954
2.639311
5.433074
0.538734
4.102416
4.068244
4.715637
1.939749
3.435863
5.513633
3.524072
3.064612
4.371118
2.730358
5.394662
2.851496
-0.364539
2.952961
2.872791
3.416403
4.883497
6.089442
2.612404
5.885987
5.929967
6.443079
3.173887
5.679180
3.540821
4.568000
4.940846
6.859743
2.341884
5.440262
3.400178
4.903883
3.479006
3.131100
2.870645
1.631105
4.294937
0.749002
7.377926
5.246991
2.380958
3.096876
4.780912
7.060254
6.634362
5.562838
4.475378
4.702064
1.525996
4.582083
3.564751
6.449885
5.054845
5.101808
3.803922
1.090830
8.552537
6.032080
2.751843
5.221418
2.284742
6.180818
1.902971
4.235704
6.447570
3.463976
4.786784
3.428769
1.429822
0.812220
6.160375
4.161639
4.493259
4.893471
3.292345
3.798713
3.657967
-1.246144
6.450515
6.115741
2.661435
0.039033
4.613031
2.452573
5.572369
4.485105
3.507230
5.061056
1.557895
4.514278
5.294039
5.671431
3.118321
6.266760
4.636013
2.401862
7.423113
5.030085
5.517465
7.717045
3.002246
0.664285
5.291943
5.316251
6.327174
0.374220
4.062804
5.875339
3.332922
2.850621
2.489434
4.352857
2.964983
5.274006
3.192625
2.346579
3.715192
1.255753
2.228359
5.225572
3.524531
3.721754
4.190879
-0.317119
0.173760
5.184153
3.641211
5.330909
5.169509
5.226027
1.299880
6.772039
5.780586
3.808805
5.705265
2.779339
5.389706
2.963163
6.749392
2.198246
5.742852
1.816265
4.823742
4.923522
2.766378
5.399659
4.981137
3.273123
3.490974
2.714969
1.988316
1.891737
0.612723
7.336205
2.912348
3.477705
4.326561
2.766987
4.501795
4.016631
3.839530
3.790072
3.140246
3.136577
4.822847
4.110784
6.663808
1.277525
5.088557
6.035788
5.410100
3.963026
1.646063
5.976051
2.796478
2.535713
4.243589
5.252259
1.985198
-1.132374
2.686115
5.321316
7.719637
4.239186
2.334108
2.296925
7.243623
7.126614
1.790438
2.493396
2.442035
6.005117
8.800116
4.887824
4.185279
2.761728
5.176110
8.106367
3.109737
4.112187
3.872299
1.897200
5.532036
6.536030
3.204222
3.252162
1.413171
5.010592
2.966354
4.047472
2.341644
0.486765
3.798939
3.906740
2.121975
3.314487
1.454205
4.241675
2.607410
5.167265
3.824153
3.851573
2.286632
4.087890
0.137126
4.030492
4.965454
4.137746
8.659259
4.374638
3.567885
4.661704
8.178036
4.854338
2.779045
4.931450
3.357493
4.052097
3.058582
5.558844
1.262757
1.620097
1.947128
3.146936
3.954412
4.933536
4.756579
5.306101
2.842548
6.270129
7.776235
1.877158
2.733019
2.963215
7.145812
3.908860
3.040387
4.865866
5.967553
3.866258
1.507320
5.859294
3.607663
3.394990
5.820503
4.977581
0.890518
1.494188
2.245024
3.175128
3.922577
2.228582
2.654660
2.527234
3.247545
4.508880
5.472926
2.949742
4.420077
2.761365
4.109871
2.012872
3.148049
3.453716
4.538409
2.984439
3.307148
4.946606
4.336212
-1.387111
3.702644
4.091374
5.625932
5.336971
3.308151
3.659961
5.739264
5.653375
5.565567
5.226702
-0.721315
5.411960
1.819299
2.262316
4.424220
5.645262
4.931710
3.871034
1.593867
6.786574
1.293708
4.496481
2.483588
4.484089
6.562179
2.176838
6.762433
2.091872
3.062410
1.690057
5.951206
2.825783
1.590746
7.579637
7.320021
2.385517
5.205602
2.731088
5.930792
4.058191
2.157321
2.949467
4.045273
2.482664
5.114482
5.406356
0.653009
2.712955
3.550998
1.207797
3.083013
2.781219
3.809164
1.125713
2.594265
4.516829
7.348625
5.923693
2.984464
6.107919
4.061353
4.469005
5.907698
4.213939
5.502170
3.724284
5.412883
2.843903
4.406588
2.283441
5.104358
4.825553
3.593133
4.569203
4.123761
5.328005
2.982178
5.320332
3.793355
2.508725
3.144540
5.711426
2.633638
1.393569
6.082141
2.673174
8.490446
2.521563
2.459978
3.569193
6.857382
2.782516
7.746813
5.747889
5.970594
4.877302
1.871035
4.187577
0.249327
4.689723
